#METAL 0.0004 0.008 0.05 
10000.0 -15.633 -15.571 -15.565 
10146.0 -15.633 -15.571 -15.565 
10294.0 -15.633 -15.571 -15.565 
10445.0 -15.634 -15.571 -15.565 
10598.0 -15.634 -15.571 -15.565 
10752.0 -15.634 -15.571 -15.565 
10910.0 -15.634 -15.571 -15.565 
11069.0 -15.634 -15.571 -15.565 
11231.0 -15.634 -15.571 -15.565 
11395.0 -15.634 -15.571 -15.565 
11561.0 -15.634 -15.571 -15.565 
11730.0 -15.634 -15.571 -15.565 
11902.0 -15.634 -15.571 -15.565 
12076.0 -15.634 -15.571 -15.565 
12252.0 -15.634 -15.571 -15.565 
12431.0 -15.634 -15.571 -15.565 
12613.0 -15.634 -15.571 -15.567 
12797.0 -15.634 -15.571 -15.567 
12984.0 -15.634 -15.571 -15.567 
13174.0 -15.634 -15.571 -15.567 
13367.0 -15.634 -15.571 -15.567 
13562.0 -15.634 -15.571 -15.567 
13760.0 -15.634 -15.571 -15.567 
13961.0 -15.634 -15.571 -15.568 
14165.0 -15.634 -15.571 -15.568 
14372.0 -15.634 -15.571 -15.568 
14582.0 -15.634 -15.571 -15.568 
14795.0 -15.634 -15.571 -15.568 
15012.0 -15.634 -15.571 -15.568 
15231.0 -15.633 -15.571 -15.568 
15454.0 -15.633 -15.571 -15.568 
15679.0 -15.633 -15.571 -15.568 
15909.0 -15.633 -15.571 -15.568 
16141.0 -15.633 -15.571 -15.568 
16377.0 -15.633 -15.571 -15.568 
16616.0 -15.633 -15.571 -15.57 
16859.0 -15.633 -15.571 -15.57 
17105.0 -15.633 -15.571 -15.57 
17355.0 -15.633 -15.571 -15.57 
17609.0 -15.633 -15.571 -15.57 
17866.0 -15.633 -15.571 -15.57 
18128.0 -15.633 -15.571 -15.57 
18392.0 -15.633 -15.571 -15.57 
18661.0 -15.633 -15.571 -15.57 
18934.0 -15.633 -15.572 -15.57 
19211.0 -15.633 -15.572 -15.57 
19491.0 -15.633 -15.572 -15.57 
19776.0 -15.633 -15.572 -15.57 
20065.0 -15.633 -15.572 -15.572 
20358.0 -15.634 -15.572 -15.572 
20656.0 -15.634 -15.572 -15.572 
20958.0 -15.634 -15.572 -15.572 
21264.0 -15.634 -15.572 -15.572 
21575.0 -15.634 -15.572 -15.572 
21890.0 -15.634 -15.572 -15.575 
22210.0 -15.634 -15.572 -15.575 
22535.0 -15.634 -15.572 -15.575 
22864.0 -15.634 -15.572 -15.575 
23198.0 -15.634 -15.572 -15.575 
23537.0 -15.634 -15.572 -15.575 
23881.0 -15.634 -15.572 -15.575 
24230.0 -15.634 -15.572 -15.575 
24584.0 -15.634 -15.572 -15.577 
24944.0 -15.634 -15.572 -15.577 
25308.0 -15.634 -15.572 -15.577 
25678.0 -15.634 -15.572 -15.576 
26053.0 -15.634 -15.572 -15.576 
26434.0 -15.634 -15.572 -15.576 
26820.0 -15.634 -15.572 -15.576 
27212.0 -15.634 -15.572 -15.579 
27610.0 -15.634 -15.572 -15.579 
28013.0 -15.634 -15.572 -15.579 
28423.0 -15.634 -15.572 -15.579 
28838.0 -15.634 -15.572 -15.579 
29260.0 -15.634 -15.572 -15.582 
29687.0 -15.635 -15.573 -15.582 
30121.0 -15.635 -15.573 -15.582 
30561.0 -15.635 -15.573 -15.582 
31008.0 -15.635 -15.573 -15.582 
31461.0 -15.635 -15.573 -15.584 
31921.0 -15.635 -15.573 -15.584 
32387.0 -15.635 -15.573 -15.584 
32861.0 -15.635 -15.573 -15.586 
33341.0 -15.635 -15.573 -15.586 
33828.0 -15.635 -15.573 -15.586 
34322.0 -15.635 -15.573 -15.586 
34824.0 -15.635 -15.573 -15.588 
35333.0 -15.635 -15.573 -15.588 
35849.0 -15.635 -15.573 -15.589 
36373.0 -15.635 -15.573 -15.591 
36905.0 -15.635 -15.573 -15.591 
37444.0 -15.635 -15.573 -15.593 
37991.0 -15.635 -15.573 -15.593 
38547.0 -15.635 -15.573 -15.595 
39110.0 -15.636 -15.573 -15.596 
39681.0 -15.636 -15.573 -15.598 
40261.0 -15.636 -15.574 -15.598 
40850.0 -15.636 -15.574 -15.598 
41447.0 -15.636 -15.574 -15.598 
42052.0 -15.636 -15.574 -15.598 
42667.0 -15.636 -15.574 -15.597 
43291.0 -15.636 -15.574 -15.598 
43923.0 -15.636 -15.574 -15.598 
44565.0 -15.636 -15.574 -15.598 
45216.0 -15.636 -15.574 -15.598 
45877.0 -15.636 -15.572 -15.598 
46548.0 -15.636 -15.572 -15.598 
47228.0 -15.636 -15.572 -15.598 
47918.0 -15.637 -15.572 -15.598 
48618.0 -15.637 -15.572 -15.599 
49329.0 -15.637 -15.572 -15.597 
50050.0 -15.637 -15.572 -15.597 
50781.0 -15.637 -15.572 -15.599 
51523.0 -15.637 -15.572 -15.599 
52276.0 -15.637 -15.572 -15.599 
53040.0 -15.637 -15.572 -15.599 
53816.0 -15.637 -15.573 -15.599 
54602.0 -15.637 -15.573 -15.597 
55400.0 -15.637 -15.573 -15.597 
56210.0 -15.637 -15.573 -15.598 
57031.0 -15.639 -15.573 -15.598 
57864.0 -15.639 -15.573 -15.599 
58710.0 -15.639 -15.573 -15.6 
59568.0 -15.639 -15.573 -15.6 
60439.0 -15.639 -15.573 -15.6 
61322.0 -15.639 -15.573 -15.6 
62218.0 -15.639 -15.573 -15.6 
63127.0 -15.639 -15.573 -15.599 
64050.0 -15.639 -15.573 -15.599 
64986.0 -15.639 -15.574 -15.6 
65936.0 -15.639 -15.574 -15.6 
66899.0 -15.64 -15.574 -15.6 
67877.0 -15.64 -15.574 -15.599 
68869.0 -15.64 -15.574 -15.599 
69875.0 -15.64 -15.574 -15.599 
70897.0 -15.64 -15.574 -15.599 
71933.0 -15.64 -15.574 -15.599 
72984.0 -15.64 -15.574 -15.599 
74050.0 -15.64 -15.574 -15.598 
75133.0 -15.64 -15.574 -15.597 
76231.0 -15.641 -15.575 -15.595 
77345.0 -15.641 -15.575 -15.597 
78475.0 -15.641 -15.575 -15.596 
79622.0 -15.641 -15.575 -15.596 
80785.0 -15.641 -15.574 -15.596 
81966.0 -15.641 -15.574 -15.596 
83164.0 -15.641 -15.574 -15.596 
84379.0 -15.641 -15.573 -15.596 
85612.0 -15.642 -15.573 -15.596 
86864.0 -15.642 -15.573 -15.596 
88133.0 -15.642 -15.573 -15.596 
89421.0 -15.642 -15.573 -15.596 
90728.0 -15.642 -15.574 -15.596 
92054.0 -15.642 -15.573 -15.597 
93399.0 -15.642 -15.573 -15.597 
94764.0 -15.643 -15.573 -15.598 
96149.0 -15.643 -15.573 -15.598 
97554.0 -15.643 -15.573 -15.598 
98980.0 -15.643 -15.573 -15.599 
100430.0 -15.643 -15.573 -15.599 
101890.0 -15.643 -15.574 -15.599 
103380.0 -15.644 -15.574 -15.6 
104890.0 -15.644 -15.574 -15.6 
106430.0 -15.644 -15.574 -15.601 
107980.0 -15.644 -15.575 -15.601 
109560.0 -15.644 -15.575 -15.601 
111160.0 -15.644 -15.575 -15.601 
112790.0 -15.645 -15.575 -15.602 
114430.0 -15.645 -15.574 -15.602 
116110.0 -15.645 -15.574 -15.603 
117800.0 -15.645 -15.574 -15.603 
119520.0 -15.645 -15.575 -15.604 
121270.0 -15.645 -15.575 -15.602 
123040.0 -15.646 -15.575 -15.602 
124840.0 -15.646 -15.575 -15.602 
126670.0 -15.646 -15.575 -15.603 
128520.0 -15.646 -15.575 -15.603 
130400.0 -15.646 -15.576 -15.604 
132300.0 -15.647 -15.576 -15.604 
134240.0 -15.647 -15.576 -15.605 
136200.0 -15.647 -15.576 -15.607 
138190.0 -15.647 -15.576 -15.609 
140210.0 -15.648 -15.576 -15.609 
142260.0 -15.648 -15.575 -15.611 
144330.0 -15.648 -15.572 -15.611 
146440.0 -15.648 -15.573 -15.612 
148580.0 -15.648 -15.573 -15.613 
150760.0 -15.649 -15.573 -15.614 
152960.0 -15.649 -15.573 -15.614 
155190.0 -15.649 -15.573 -15.615 
157460.0 -15.649 -15.574 -15.616 
159760.0 -15.65 -15.574 -15.616 
162100.0 -15.65 -15.574 -15.616 
164470.0 -15.65 -15.574 -15.615 
166870.0 -15.65 -15.575 -15.615 
169310.0 -15.651 -15.575 -15.616 
171780.0 -15.651 -15.575 -15.616 
174290.0 -15.651 -15.575 -15.617 
176840.0 -15.651 -15.575 -15.617 
179430.0 -15.652 -15.575 -15.617 
182050.0 -15.652 -15.575 -15.619 
184710.0 -15.653 -15.575 -15.619 
187410.0 -15.654 -15.576 -15.619 
190150.0 -15.654 -15.576 -15.619 
192930.0 -15.654 -15.576 -15.62 
195740.0 -15.654 -15.576 -15.62 
198610.0 -15.655 -15.576 -15.62 
201510.0 -15.655 -15.576 -15.62 
204450.0 -15.655 -15.576 -15.62 
207440.0 -15.656 -15.576 -15.621 
210470.0 -15.656 -15.577 -15.619 
213550.0 -15.656 -15.577 -15.608 
216670.0 -15.657 -15.577 -15.604 
219840.0 -15.657 -15.578 -15.596 
223050.0 -15.657 -15.578 -15.592 
226310.0 -15.658 -15.578 -15.588 
229610.0 -15.658 -15.579 -15.584 
232970.0 -15.659 -15.579 -15.579 
236380.0 -15.659 -15.579 -15.576 
239830.0 -15.659 -15.58 -15.574 
243330.0 -15.66 -15.58 -15.57 
246890.0 -15.66 -15.58 -15.566 
250500.0 -15.66 -15.581 -15.565 
254160.0 -15.661 -15.581 -15.563 
257870.0 -15.661 -15.579 -15.563 
261640.0 -15.662 -15.58 -15.56 
265470.0 -15.662 -15.58 -15.559 
269350.0 -15.662 -15.578 -15.559 
273280.0 -15.663 -15.578 -15.557 
277280.0 -15.664 -15.578 -15.556 
281330.0 -15.665 -15.578 -15.554 
285440.0 -15.665 -15.579 -15.551 
289610.0 -15.666 -15.579 -15.55 
293840.0 -15.666 -15.58 -15.55 
298140.0 -15.667 -15.58 -15.55 
302490.0 -15.667 -15.581 -15.548 
306920.0 -15.668 -15.581 -15.554 
311400.0 -15.668 -15.581 -15.556 
315950.0 -15.669 -15.581 -15.555 
320570.0 -15.669 -15.581 -15.555 
325250.0 -15.67 -15.582 -15.554 
330010.0 -15.67 -15.582 -15.556 
334830.0 -15.671 -15.583 -15.56 
339720.0 -15.671 -15.583 -15.562 
344690.0 -15.672 -15.584 -15.564 
349730.0 -15.672 -15.584 -15.565 
354840.0 -15.673 -15.585 -15.565 
360020.0 -15.673 -15.585 -15.567 
365280.0 -15.674 -15.586 -15.567 
370620.0 -15.676 -15.584 -15.568 
376040.0 -15.676 -15.585 -15.568 
381530.0 -15.677 -15.585 -15.57 
387110.0 -15.677 -15.585 -15.569 
392770.0 -15.678 -15.586 -15.569 
398510.0 -15.679 -15.586 -15.57 
404330.0 -15.677 -15.586 -15.57 
410240.0 -15.679 -15.587 -15.569 
416230.0 -15.68 -15.587 -15.571 
422320.0 -15.68 -15.586 -15.57 
428490.0 -15.681 -15.586 -15.57 
434750.0 -15.682 -15.587 -15.568 
441100.0 -15.682 -15.588 -15.569 
447550.0 -15.683 -15.589 -15.567 
454090.0 -15.684 -15.59 -15.57 
460730.0 -15.685 -15.591 -15.569 
467460.0 -15.685 -15.591 -15.569 
474290.0 -15.686 -15.592 -15.568 
481220.0 -15.688 -15.591 -15.565 
488260.0 -15.69 -15.591 -15.565 
495390.0 -15.691 -15.592 -15.565 
502630.0 -15.692 -15.593 -15.551 
509980.0 -15.693 -15.593 -15.525 
517430.0 -15.693 -15.593 -15.51 
524990.0 -15.694 -15.594 -15.504 
532660.0 -15.695 -15.595 -15.501 
540450.0 -15.696 -15.595 -15.496 
548350.0 -15.697 -15.595 -15.489 
556360.0 -15.698 -15.594 -15.487 
564490.0 -15.699 -15.595 -15.481 
572740.0 -15.701 -15.595 -15.479 
581110.0 -15.702 -15.596 -15.48 
589600.0 -15.703 -15.597 -15.482 
598220.0 -15.704 -15.598 -15.479 
606960.0 -15.705 -15.599 -15.479 
615830.0 -15.706 -15.599 -15.48 
624830.0 -15.706 -15.599 -15.478 
633960.0 -15.707 -15.6 -15.479 
643230.0 -15.708 -15.6 -15.476 
652630.0 -15.709 -15.601 -15.478 
662170.0 -15.71 -15.602 -15.479 
671840.0 -15.711 -15.603 -15.477 
681660.0 -15.712 -15.602 -15.478 
691620.0 -15.714 -15.604 -15.478 
701730.0 -15.716 -15.604 -15.479 
711990.0 -15.717 -15.605 -15.477 
722390.0 -15.718 -15.606 -15.479 
732950.0 -15.719 -15.607 -15.478 
743660.0 -15.72 -15.607 -15.48 
754530.0 -15.722 -15.608 -15.479 
765560.0 -15.723 -15.608 -15.48 
776740.0 -15.723 -15.609 -15.477 
788100.0 -15.724 -15.61 -15.48 
799610.0 -15.726 -15.611 -15.479 
811300.0 -15.728 -15.611 -15.477 
823150.0 -15.73 -15.61 -15.477 
835180.0 -15.731 -15.612 -15.465 
847390.0 -15.732 -15.613 -15.457 
859770.0 -15.734 -15.614 -15.449 
872340.0 -15.735 -15.614 -15.446 
885090.0 -15.737 -15.615 -15.442 
898020.0 -15.739 -15.616 -15.436 
911150.0 -15.741 -15.617 -15.44 
924460.0 -15.743 -15.617 -15.436 
937970.0 -15.744 -15.618 -15.425 
951680.0 -15.746 -15.62 -15.417 
965590.0 -15.747 -15.621 -15.409 
979700.0 -15.75 -15.622 -15.403 
994020.0 -15.752 -15.623 -15.385 
1008500.0 -15.753 -15.624 -15.377 
1023300.0 -15.755 -15.626 -15.363 
1038200.0 -15.757 -15.625 -15.356 
1053400.0 -15.759 -15.624 -15.353 
1068800.0 -15.762 -15.625 -15.348 
1084400.0 -15.764 -15.626 -15.346 
1100300.0 -15.766 -15.627 -15.337 
1116400.0 -15.768 -15.628 -15.334 
1132700.0 -15.77 -15.63 -15.327 
1149200.0 -15.773 -15.631 -15.325 
1166000.0 -15.773 -15.632 -15.322 
1183100.0 -15.776 -15.634 -15.316 
1200300.0 -15.778 -15.634 -15.304 
1217900.0 -15.78 -15.635 -15.303 
1235700.0 -15.782 -15.637 -15.289 
1253700.0 -15.786 -15.636 -15.29 
1272100.0 -15.788 -15.636 -15.286 
1290700.0 -15.79 -15.636 -15.282 
1309500.0 -15.793 -15.638 -15.283 
1328700.0 -15.796 -15.637 -15.281 
1348100.0 -15.798 -15.637 -15.276 
1367800.0 -15.801 -15.636 -15.275 
1387800.0 -15.803 -15.635 -15.276 
1408000.0 -15.807 -15.634 -15.278 
1428600.0 -15.81 -15.633 -15.277 
1449500.0 -15.812 -15.634 -15.279 
1470700.0 -15.814 -15.633 -15.282 
1492200.0 -15.817 -15.632 -15.294 
1514000.0 -15.821 -15.62 -15.29 
1536100.0 -15.824 -15.623 -15.287 
1558600.0 -15.826 -15.625 -15.281 
1581300.0 -15.829 -15.629 -15.272 
1604400.0 -15.833 -15.631 -15.267 
1627900.0 -15.836 -15.632 -15.26 
1651700.0 -15.839 -15.636 -15.246 
1675800.0 -15.843 -15.637 -15.24 
1700300.0 -15.846 -15.637 -15.237 
1725200.0 -15.85 -15.64 -15.224 
1750400.0 -15.854 -15.641 -15.223 
1775900.0 -15.858 -15.641 -15.223 
1801900.0 -15.861 -15.64 -15.222 
1828200.0 -15.864 -15.645 -15.201 
1855000.0 -15.868 -15.644 -15.189 
1882100.0 -15.872 -15.648 -15.182 
1909600.0 -15.876 -15.647 -15.176 
1937500.0 -15.88 -15.651 -15.176 
1965800.0 -15.883 -15.653 -15.171 
1994500.0 -15.887 -15.657 -15.154 
2023700.0 -15.892 -15.663 -15.146 
2053200.0 -15.897 -15.662 -15.136 
2083200.0 -15.901 -15.669 -15.158 
2113700.0 -15.905 -15.671 -15.171 
2144600.0 -15.911 -15.672 -15.17 
2175900.0 -15.915 -15.673 -15.174 
2207700.0 -15.921 -15.671 -15.172 
2240000.0 -15.92 -15.668 -15.164 
2272700.0 -15.921 -15.669 -15.161 
2305900.0 -15.925 -15.674 -15.166 
2339600.0 -15.927 -15.675 -15.173 
2373800.0 -15.928 -15.673 -15.192 
2408500.0 -15.93 -15.669 -15.209 
2443700.0 -15.929 -15.666 -15.221 
2479400.0 -15.925 -15.655 -15.242 
2515700.0 -15.906 -15.642 -15.263 
2552400.0 -15.887 -15.642 -15.336 
2589700.0 -15.892 -15.644 -15.324 
2627600.0 -15.897 -15.635 -15.291 
2666000.0 -15.9 -15.635 -15.262 
2704900.0 -15.903 -15.642 -15.242 
2744500.0 -15.907 -15.641 -15.217 
2784600.0 -15.906 -15.641 -15.182 
2825300.0 -15.898 -15.643 -15.154 
2866600.0 -15.885 -15.646 -15.126 
2908500.0 -15.885 -15.618 -15.098 
2951000.0 -15.876 -15.628 -15.069 
2994100.0 -15.868 -15.634 -15.044 
3037800.0 -15.875 -15.641 -15.024 
3082200.0 -16.008 -15.636 -15.004 
3127300.0 -15.953 -15.668 -14.982 
3173000.0 -15.956 -15.623 -14.952 
3219400.0 -15.976 -15.611 -14.916 
3266400.0 -15.994 -15.588 -14.885 
3314100.0 -16.0 -15.545 -14.851 
3362600.0 -15.952 -15.474 -14.825 
3411700.0 -15.891 -15.391 -14.797 
3461600.0 -15.829 -15.319 -14.773 
3512200.0 -15.754 -15.264 -14.751 
3563500.0 -15.695 -15.216 -14.726 
3615600.0 -15.629 -15.205 -14.707 
3668400.0 -15.581 -15.204 -14.673 
3722000.0 -15.556 -15.194 -14.618 
3776400.0 -15.556 -15.212 -14.581 
3831600.0 -15.588 -15.174 -14.549 
3887600.0 -15.624 -15.15 -14.529 
3944400.0 -15.701 -15.127 -14.506 
4002100.0 -15.804 -15.097 -14.487 
4060500.0 -15.887 -15.073 -14.469 
4119900.0 -16.075 -15.056 -14.454 
4180100.0 -16.102 -15.001 -14.443 
4241200.0 -15.981 -14.986 -14.434 
4303200.0 -15.85 -14.953 -14.427 
4366000.0 -15.722 -14.928 -14.424 
4429800.0 -15.605 -14.891 -14.419 
4494600.0 -15.513 -14.859 -14.414 
4560300.0 -15.433 -14.831 -14.411 
4626900.0 -15.351 -14.8 -14.413 
4694500.0 -15.274 -14.771 -14.414 
4763100.0 -15.197 -14.759 -14.415 
4832800.0 -15.121 -14.753 -14.426 
4903400.0 -15.049 -14.738 -14.44 
4975000.0 -14.979 -14.753 -14.455 
5047700.0 -14.922 -14.767 -14.466 
5121500.0 -14.858 -14.78 -14.65 
5196400.0 -14.806 -14.793 -14.703 
5272300.0 -14.757 -14.798 -14.76 
5349400.0 -14.698 -14.822 -14.828 
5427500.0 -14.649 -14.84 -14.906 
5506800.0 -14.607 -14.886 -14.998 
5587300.0 -14.546 -14.923 -15.1 
5669000.0 -14.503 -14.965 -15.214 
5751800.0 -14.425 -15.028 -15.344 
5835900.0 -14.405 -15.103 -15.487 
5921200.0 -14.363 -15.207 -15.651 
6007700.0 -14.327 -15.31 -15.839 
6095500.0 -14.298 -15.435 -16.051 
6184600.0 -14.263 -15.579 -16.29 
6275000.0 -14.223 -15.706 -16.564 
6366700.0 -14.19 -15.818 -16.904 
6459700.0 -14.162 -15.986 -17.314 
6554100.0 -14.125 -16.121 -17.289 
6649900.0 -14.089 -16.168 -17.395 
6747100.0 -14.057 -16.142 -17.496 
6845700.0 -14.024 -16.115 -17.542 
6945700.0 -13.989 -16.086 -17.441 
7047200.0 -13.956 -16.062 -17.194 
7150200.0 -13.923 -16.031 -17.151 
7254700.0 -13.891 -16.004 -17.111 
7360700.0 -13.857 -15.974 -17.068 
7468300.0 -13.822 -15.944 -17.031 
7577500.0 -13.784 -15.917 -16.999 
7688200.0 -13.74 -15.887 -16.966 
7800500.0 -13.715 -15.855 -16.933 
7914500.0 -13.688 -15.826 -16.911 
8030200.0 -13.658 -15.792 -16.875 
8147600.0 -13.629 -15.76 -16.854 
8266600.0 -13.598 -15.727 -16.825 
8387400.0 -13.575 -15.693 -16.802 
8510000.0 -13.543 -15.667 -16.781 
8634400.0 -13.51 -15.624 -16.76 
8760600.0 -13.479 -15.591 -16.741 
8888600.0 -13.445 -15.549 -16.723 
9018500.0 -13.41 -15.516 -16.707 
9150300.0 -13.38 -15.477 -16.689 
9284000.0 -13.35 -15.441 -16.68 
9419700.0 -13.321 -15.405 -16.685 
9557400.0 -13.278 -15.347 -16.685 
9697000.0 -13.239 -15.311 -16.687 
9838800.0 -13.198 -15.277 -16.692 
9982500.0 -13.165 -15.243 -16.699 
10128000.0 -13.127 -15.198 -16.685 
10276000.0 -13.106 -15.159 -16.664 
10427000.0 -13.084 -15.125 -16.646 
10579000.0 -13.07 -15.095 -16.631 
10734000.0 -13.061 -15.063 -16.615 
10890000.0 -13.055 -15.034 -16.596 
11050000.0 -13.053 -15.006 -16.577 
11211000.0 -13.053 -14.98 -16.559 
11375000.0 -13.053 -14.954 -16.539 
11541000.0 -13.057 -14.931 -16.521 
11710000.0 -13.065 -14.907 -16.502 
11881000.0 -13.074 -14.886 -16.483 
12055000.0 -13.088 -14.864 -16.462 
12231000.0 -13.1 -14.845 -16.443 
12410000.0 -13.115 -14.827 -16.423 
12591000.0 -13.131 -14.809 -16.403 
12775000.0 -13.148 -14.793 -16.383 
12962000.0 -13.169 -14.777 -16.362 
13151000.0 -13.2 -14.762 -16.338 
13343000.0 -13.231 -14.748 -16.316 
13538000.0 -13.264 -14.735 -16.287 
13736000.0 -13.296 -14.722 -16.258 
13937000.0 -13.337 -14.711 -16.216 
14140000.0 -13.378 -14.71 -16.192 
14347000.0 -13.414 -14.709 -16.15 
14557000.0 -13.449 -14.699 -16.115 
14770000.0 -13.448 -14.691 -16.084 
14985000.0 -13.444 -14.691 -16.061 
15204000.0 -13.44 -14.691 -16.038 
15427000.0 -13.434 -14.693 -16.015 
15652000.0 -13.421 -14.694 -15.992 
15881000.0 -13.411 -14.696 -15.969 
16113000.0 -13.401 -14.699 -15.948 
16348000.0 -13.393 -14.7 -15.923 
16587000.0 -13.385 -14.702 -15.898 
16830000.0 -13.378 -14.705 -15.868 
17076000.0 -13.371 -14.709 -15.843 
17325000.0 -13.363 -14.711 -15.814 
17578000.0 -13.356 -14.714 -15.787 
17835000.0 -13.352 -14.719 -15.76 
18096000.0 -13.347 -14.723 -15.731 
18360000.0 -13.342 -14.727 -15.701 
18629000.0 -13.34 -14.731 -15.67 
18901000.0 -13.336 -14.736 -15.641 
19177000.0 -13.333 -14.741 -15.619 
19457000.0 -13.332 -14.746 -15.603 
19742000.0 -13.331 -14.751 -15.589 
20030000.0 -13.33 -14.758 -15.57 
20323000.0 -13.327 -14.763 -15.552 
20620000.0 -13.317 -14.759 -15.533 
20921000.0 -13.305 -14.756 -15.513 
21227000.0 -13.294 -14.747 -15.493 
21537000.0 -13.287 -14.737 -15.478 
21852000.0 -13.279 -14.731 -15.45 
22171000.0 -13.274 -14.723 -15.376 
22495000.0 -13.267 -14.714 -15.314 
22824000.0 -13.261 -14.706 -15.253 
23158000.0 -13.256 -14.697 -15.181 
23496000.0 -13.252 -14.689 -15.095 
23839000.0 -13.246 -14.68 -15.053 
24188000.0 -13.24 -14.67 -15.02 
24541000.0 -13.237 -14.66 -14.988 
24900000.0 -13.234 -14.649 -14.956 
25264000.0 -13.231 -14.639 -14.925 
25633000.0 -13.226 -14.628 -14.895 
26008000.0 -13.224 -14.618 -14.864 
26388000.0 -13.222 -14.611 -14.835 
26773000.0 -13.22 -14.602 -14.803 
27165000.0 -13.218 -14.591 -14.773 
27562000.0 -13.219 -14.579 -14.744 
27964000.0 -13.217 -14.568 -14.714 
28373000.0 -13.218 -14.557 -14.686 
28788000.0 -13.218 -14.548 -14.658 
29209000.0 -13.217 -14.536 -14.629 
29635000.0 -13.218 -14.525 -14.601 
30068000.0 -13.218 -14.514 -14.573 
30508000.0 -13.219 -14.504 -14.546 
30954000.0 -13.221 -14.491 -14.52 
31406000.0 -13.224 -14.48 -14.492 
31865000.0 -13.225 -14.469 -14.464 
32331000.0 -13.233 -14.457 -14.438 
32803000.0 -13.232 -14.443 -14.412 
33283000.0 -13.225 -14.422 -14.385 
33769000.0 -13.217 -14.4 -14.359 
34263000.0 -13.211 -14.384 -14.332 
34763000.0 -13.2 -14.365 -14.306 
35271000.0 -13.191 -14.342 -14.28 
35787000.0 -13.18 -14.324 -14.255 
36310000.0 -13.167 -14.31 -14.23 
36840000.0 -13.156 -14.286 -14.206 
37379000.0 -13.146 -14.272 -14.181 
37925000.0 -13.135 -14.255 -14.157 
38479000.0 -13.125 -14.232 -14.132 
39042000.0 -13.115 -14.215 -14.108 
39612000.0 -13.104 -14.196 -14.084 
40191000.0 -13.096 -14.18 -14.061 
40778000.0 -13.084 -14.162 -14.038 
41374000.0 -13.077 -14.145 -14.013 
41979000.0 -13.064 -14.126 -13.99 
42593000.0 -13.057 -14.108 -13.966 
43215000.0 -13.047 -14.089 -13.943 
43847000.0 -13.036 -14.071 -13.919 
44487000.0 -13.026 -14.053 -13.896 
45137000.0 -13.015 -14.036 -13.875 
45797000.0 -13.005 -14.018 -13.853 
46466000.0 -12.995 -14.001 -13.828 
47145000.0 -12.987 -13.982 -13.806 
47834000.0 -12.974 -13.966 -13.865 
48534000.0 -12.964 -13.947 -13.901 
49243000.0 -12.955 -13.93 -13.928 
49962000.0 -12.946 -13.914 -13.958 
50693000.0 -12.94 -13.895 -13.99 
51433000.0 -12.931 -13.879 -14.049 
52185000.0 -12.922 -13.861 -14.043 
52948000.0 -12.913 -13.849 -14.04 
53722000.0 -12.906 -13.837 -14.038 
54507000.0 -12.901 -13.824 -14.034 
55303000.0 -12.893 -13.809 -14.032 
56111000.0 -12.884 -13.794 -14.028 
56931000.0 -12.879 -13.783 -14.025 
57763000.0 -12.87 -13.767 -14.022 
58608000.0 -12.862 -13.753 -14.019 
59464000.0 -12.854 -13.739 -14.017 
60333000.0 -12.849 -13.723 -14.015 
61215000.0 -12.842 -13.709 -14.013 
62109000.0 -12.834 -13.696 -14.014 
63017000.0 -12.827 -13.682 -14.012 
63938000.0 -12.82 -13.668 -14.01 
64872000.0 -12.813 -13.655 -14.011 
65821000.0 -12.804 -13.641 -14.012 
66782000.0 -12.794 -13.628 -14.001 
67758000.0 -12.786 -13.615 -13.962 
68749000.0 -12.778 -13.602 -13.938 
69753000.0 -12.772 -13.589 -13.914 
70773000.0 -12.765 -13.575 -13.886 
71807000.0 -12.759 -13.561 -13.858 
72856000.0 -12.767 -13.544 -13.821 
73921000.0 -12.778 -13.528 -13.781 
75001000.0 -12.79 -13.514 -13.773 
76098000.0 -12.803 -13.499 -13.766 
77210000.0 -12.821 -13.484 -13.756 
78338000.0 -12.843 -13.475 -13.751 
79483000.0 -12.863 -13.468 -13.748 
80644000.0 -12.891 -13.463 -13.739 
81823000.0 -12.919 -13.458 -13.736 
83019000.0 -12.951 -13.455 -13.734 
84232000.0 -13.003 -13.451 -13.73 
85463000.0 -13.021 -13.449 -13.729 
86712000.0 -13.065 -13.448 -13.729 
87979000.0 -13.111 -13.447 -13.73 
89265000.0 -13.177 -13.45 -13.73 
90569000.0 -13.21 -13.45 -13.731 
91893000.0 -13.267 -13.451 -13.734 
93236000.0 -13.326 -13.455 -13.743 
94599000.0 -13.389 -13.458 -13.744 
95981000.0 -13.456 -13.464 -13.751 
97384000.0 -13.526 -13.472 -13.757 
98807000.0 -13.597 -13.477 -13.767 
100250000.0 -13.673 -13.488 -13.775 
101720000.0 -13.747 -13.495 -13.78 
103200000.0 -13.803 -13.505 -13.797 
104710000.0 -13.812 -13.517 -13.804 
106240000.0 -13.82 -13.533 -13.815 
107790000.0 -13.828 -13.548 -13.826 
109370000.0 -13.835 -13.562 -13.842 
110970000.0 -13.842 -13.575 -13.859 
112590000.0 -13.851 -13.591 -13.875 
114230000.0 -13.857 -13.606 -13.889 
115900000.0 -13.862 -13.625 -13.905 
117600000.0 -13.869 -13.628 -13.897 
119320000.0 -13.875 -13.616 -13.889 
121060000.0 -13.879 -13.602 -13.868 
122830000.0 -13.883 -13.587 -13.869 
124620000.0 -13.887 -13.575 -13.863 
126450000.0 -13.89 -13.563 -13.847 
128290000.0 -13.872 -13.55 -13.841 
130170000.0 -13.855 -13.533 -13.823 
132070000.0 -13.841 -13.512 -13.811 
134000000.0 -13.826 -13.509 -13.795 
135960000.0 -13.811 -13.492 -13.786 
137950000.0 -13.793 -13.479 -13.769 
139960000.0 -13.778 -13.466 -13.75 
142010000.0 -13.764 -13.45 -13.746 
144080000.0 -13.746 -13.435 -13.714 
146190000.0 -13.729 -13.419 -13.696 
148320000.0 -13.715 -13.398 -13.676 
150490000.0 -13.7 -13.387 -13.652 
152690000.0 -13.684 -13.385 -13.63 
154920000.0 -13.666 -13.365 -13.615 
157190000.0 -13.653 -13.356 -13.591 
159480000.0 -13.636 -13.345 -13.577 
161810000.0 -13.622 -13.336 -13.565 
164180000.0 -13.605 -13.311 -13.547 
166580000.0 -13.587 -13.304 -13.53 
169010000.0 -13.57 -13.302 -13.516 
171480000.0 -13.551 -13.293 -13.499 
173990000.0 -13.532 -13.277 -13.479 
176530000.0 -13.518 -13.272 -13.462 
179110000.0 -13.499 -13.253 -13.447 
181730000.0 -13.483 -13.254 -13.434 
184390000.0 -13.466 -13.242 -13.417 
187080000.0 -13.445 -13.222 -13.398 
189810000.0 -13.428 -13.219 -13.386 
192590000.0 -13.413 -13.207 -13.365 
195400000.0 -13.395 -13.196 -13.346 
198260000.0 -13.377 -13.183 -13.332 
201160000.0 -13.361 -13.167 -13.313 
204100000.0 -13.343 -13.158 -13.295 
207080000.0 -13.325 -13.144 -13.274 
210100000.0 -13.308 -13.131 -13.263 
213180000.0 -13.292 -13.111 -13.248 
216290000.0 -13.274 -13.099 -13.231 
219450000.0 -13.292 -13.097 -13.221 
222660000.0 -13.31 -13.084 -13.204 
225910000.0 -13.33 -13.068 -13.185 
229210000.0 -13.35 -13.061 -13.169 
232560000.0 -13.371 -13.049 -13.152 
235960000.0 -13.395 -13.032 -13.134 
239410000.0 -13.421 -13.027 -13.12 
242910000.0 -13.446 -13.007 -13.095 
246460000.0 -13.468 -13.006 -13.092 
250060000.0 -13.495 -12.997 -13.082 
253720000.0 -13.526 -12.985 -13.054 
257420000.0 -13.556 -12.973 -13.048 
261190000.0 -13.588 -12.96 -13.033 
265000000.0 -13.619 -12.949 -13.014 
268880000.0 -13.652 -12.939 -13.003 
272800000.0 -13.687 -12.924 -12.991 
276790000.0 -13.723 -12.921 -12.98 
280840000.0 -13.761 -12.919 -12.968 
284940000.0 -13.799 -12.918 -12.955 
289110000.0 -13.841 -12.919 -12.943 
293330000.0 -13.88 -12.917 -12.926 
297620000.0 -13.923 -12.917 -12.916 
301970000.0 -13.961 -12.918 -12.904 
306380000.0 -13.981 -12.919 -12.894 
310860000.0 -13.97 -12.921 -12.884 
315400000.0 -13.963 -12.924 -12.864 
320010000.0 -13.955 -12.926 -12.856 
324690000.0 -13.948 -12.927 -12.846 
329430000.0 -13.94 -12.931 -12.839 
334250000.0 -13.932 -12.934 -12.832 
339130000.0 -13.92 -12.934 -12.823 
344090000.0 -13.914 -12.941 -12.813 
349110000.0 -13.905 -12.944 -12.801 
354220000.0 -13.893 -12.949 -12.791 
359390000.0 -13.884 -12.954 -12.783 
364650000.0 -13.875 -12.951 -12.779 
369970000.0 -13.864 -12.961 -12.769 
375380000.0 -13.855 -12.965 -12.757 
380870000.0 -13.849 -12.964 -12.751 
386430000.0 -13.836 -12.978 -12.743 
392080000.0 -13.824 -12.981 -12.737 
397810000.0 -13.81 -12.988 -12.737 
403620000.0 -13.798 -12.987 -12.728 
409520000.0 -13.793 -12.994 -12.731 
415510000.0 -13.78 -13.018 -12.719 
421580000.0 -13.77 -13.016 -12.708 
427740000.0 -13.758 -13.021 -12.716 
433990000.0 -13.743 -13.033 -12.702 
440330000.0 -13.732 -13.04 -12.696 
446770000.0 -13.721 -13.045 -12.687 
453300000.0 -13.702 -13.042 -12.69 
459920000.0 -13.691 -13.047 -12.684 
466640000.0 -13.667 -13.056 -12.677 
473460000.0 -13.636 -13.054 -12.683 
480380000.0 -13.601 -13.06 -12.686 
487400000.0 -13.571 -13.066 -12.681 
494530000.0 -13.535 -13.074 -12.689 
501750000.0 -13.507 -13.067 -12.686 
509090000.0 -13.469 -13.07 -12.665 
516530000.0 -13.432 -13.067 -12.669 
524080000.0 -13.397 -13.069 -12.659 
531730000.0 -13.348 -13.069 -12.653 
539510000.0 -13.322 -13.073 -12.645 
547390000.0 -13.276 -13.078 -12.643 
555390000.0 -13.245 -13.072 -12.646 
563510000.0 -13.209 -13.071 -12.64 
571740000.0 -13.173 -13.073 -12.626 
580100000.0 -13.134 -13.073 -12.632 
588570000.0 -13.101 -13.072 -12.621 
597180000.0 -13.071 -13.072 -12.62 
605900000.0 -13.04 -13.068 -12.611 
614760000.0 -13.001 -13.065 -12.603 
623740000.0 -12.971 -13.065 -12.603 
632860000.0 -12.936 -13.06 -12.598 
642110000.0 -12.884 -13.062 -12.592 
651490000.0 -12.854 -13.06 -12.584 
661010000.0 -12.836 -13.054 -12.575 
670670000.0 -12.814 -13.052 -12.575 
680470000.0 -12.789 -13.051 -12.568 
690420000.0 -12.773 -13.061 -12.572 
700510000.0 -12.757 -13.064 -12.565 
710740000.0 -12.733 -13.052 -12.56 
721130000.0 -12.717 -13.041 -12.557 
731670000.0 -12.691 -13.032 -12.548 
742360000.0 -12.672 -13.024 -12.543 
753210000.0 -12.654 -13.013 -12.529 
764220000.0 -12.629 -13.0 -12.546 
775390000.0 -12.614 -12.99 -12.532 
786720000.0 -12.59 -12.976 -12.525 
798220000.0 -12.566 -12.968 -12.519 
809880000.0 -12.546 -12.95 -12.513 
821720000.0 -12.526 -12.938 -12.508 
833730000.0 -12.526 -12.924 -12.493 
845910000.0 -12.514 -12.912 -12.505 
858270000.0 -12.502 -12.896 -12.502 
870820000.0 -12.49 -12.877 -12.492 
883540000.0 -12.491 -12.861 -12.489 
896450000.0 -12.482 -12.84 -12.473 
909550000.0 -12.478 -12.822 -12.46 
922850000.0 -12.477 -12.798 -12.445 
936330000.0 -12.465 -12.775 -12.45 
950020000.0 -12.469 -12.75 -12.437 
963900000.0 -12.459 -12.718 -12.424 
977990000.0 -12.45 -12.674 -12.403 
992280000.0 -12.441 -12.647 -12.4 
1006800000.0 -12.426 -12.622 -12.387 
1021500000.0 -12.433 -12.596 -12.381 
1036400000.0 -12.41 -12.574 -12.358 
1051600000.0 -12.409 -12.549 -12.349 
1066900000.0 -12.404 -12.528 -12.33 
1082500000.0 -12.389 -12.511 -12.319 
1098400000.0 -12.386 -12.497 -12.304 
1114400000.0 -12.385 -12.492 -12.286 
1130700000.0 -12.456 -12.486 -12.26 
1147200000.0 -12.464 -12.483 -12.242 
1164000000.0 -12.472 -12.49 -12.229 
1181000000.0 -12.487 -12.497 -12.226 
1198200000.0 -12.521 -12.503 -12.225 
1215800000.0 -12.545 -12.522 -12.236 
1233500000.0 -12.583 -12.541 -12.241 
1251600000.0 -12.607 -12.59 -12.244 
1269800000.0 -12.645 -12.634 -12.264 
1288400000.0 -12.638 -12.676 -12.259 
1307200000.0 -12.663 -12.707 -12.271 
1326300000.0 -12.685 -12.728 -12.294 
1345700000.0 -12.691 -12.753 -12.32 
1365400000.0 -12.698 -12.767 -12.333 
1385300000.0 -12.711 -12.787 -12.365 
1405600000.0 -12.703 -12.853 -12.361 
1426100000.0 -12.709 -13.071 -12.379 
1447000000.0 -12.651 -13.421 -12.395 
1468100000.0 -12.542 -12.875 -12.402 
1489600000.0 -12.51 -12.798 -12.408 
1511300000.0 -12.493 -12.73 -12.548 
1533400000.0 -12.475 -12.664 -12.584 
1555800000.0 -12.439 -12.636 -12.63 
1578600000.0 -12.423 -12.6 -12.683 
1601600000.0 -12.406 -12.58 -12.77 
1625000000.0 -12.4 -12.554 -12.446 
1648800000.0 -12.361 -12.535 -12.411 
1672900000.0 -12.33 -12.629 -12.379 
1697300000.0 -12.305 -12.595 -12.338 
1722100000.0 -12.268 -12.561 -12.31 
1747300000.0 -12.299 -12.539 -12.291 
1772800000.0 -12.271 -12.515 -12.268 
1798800000.0 -12.281 -12.489 -12.245 
1825000000.0 -12.262 -12.472 -12.265 
1851700000.0 -12.25 -12.443 -12.261 
1878800000.0 -12.23 -12.425 -12.242 
1906200000.0 -12.229 -12.404 -12.23 
1934100000.0 -12.255 -12.389 -12.234 
1962400000.0 -12.226 -12.37 -12.216 
1991000000.0 -12.225 -12.36 -12.212 
2020100000.0 -12.203 -12.352 -12.187 
2049700000.0 -12.2 -12.349 -12.183 
2079600000.0 -12.205 -12.333 -12.172 
2110000000.0 -12.178 -12.328 -12.168 
2140800000.0 -12.151 -12.324 -12.17 
2172100000.0 -12.165 -12.311 -12.15 
2203900000.0 -12.133 -12.299 -12.15 
2236100000.0 -12.132 -12.283 -12.151 
2268800000.0 -12.106 -12.285 -12.135 
2301900000.0 -12.101 -12.275 -12.133 
2335500000.0 -12.082 -12.265 -12.119 
2369700000.0 -12.077 -12.265 -12.118 
2404300000.0 -12.065 -12.253 -12.112 
2439400000.0 -12.041 -12.228 -12.105 
2475100000.0 -12.029 -12.213 -12.096 
2511300000.0 -12.032 -12.195 -12.085 
2548000000.0 -12.006 -12.187 -11.565 
2585200000.0 -11.983 -12.175 -12.063 
2623000000.0 -11.961 -12.154 -12.052 
2661300000.0 -11.952 -12.152 -12.048 
2700200000.0 -11.941 -12.144 -12.035 
2739700000.0 -11.936 -12.138 -12.015 
2779700000.0 -11.92 -12.129 -12.02 
2820300000.0 -11.914 -12.112 -12.009 
2861600000.0 -11.886 -12.108 -11.997 
2903400000.0 -11.871 -12.086 -11.976 
2945800000.0 -11.866 -12.059 -11.972 
2988900000.0 -11.875 -12.059 -11.967 
3032500000.0 -11.849 -12.056 -11.956 
3076900000.0 -11.845 -12.048 -11.949 
3121800000.0 -11.827 -12.044 -11.924 
3167400000.0 -11.819 -12.034 -11.929 
3213700000.0 -11.824 -12.027 -11.907 
3260700000.0 -11.818 -12.008 -11.925 
3308300000.0 -11.791 -12.007 -11.909 
3356700000.0 -11.806 -11.996 -11.914 
3405800000.0 -11.806 -12.002 -11.908 
3455500000.0 -11.808 -11.987 -11.893 
3506000000.0 -11.801 -11.97 -11.892 
3557300000.0 -11.766 -11.972 -11.885 
3609200000.0 -11.769 -11.984 -11.908 
3662000000.0 -11.754 -11.983 -11.909 
3715500000.0 -11.749 -11.971 -11.878 
3769800000.0 -11.745 -11.987 -11.868 
3824900000.0 -11.728 -11.986 -11.877 
3880800000.0 -11.698 -11.982 -11.868 
3937500000.0 -11.689 -11.97 -11.878 
3995100000.0 -11.688 -11.957 -11.856 
4053400000.0 -11.662 -11.939 -11.841 
4112700000.0 -11.64 -11.932 -11.849 
4172800000.0 -11.631 -11.938 -11.833 
4233800000.0 -11.631 -11.92 -11.822 
4295600000.0 -11.587 -11.929 -11.809 
4358400000.0 -11.569 -11.925 -11.806 
4422100000.0 -11.553 -11.898 -11.806 
4486700000.0 -11.534 -11.91 -11.772 
4552300000.0 -11.494 -11.9 -11.769 
4618800000.0 -11.477 -11.891 -11.755 
4686300000.0 -11.502 -11.863 -11.741 
4754800000.0 -11.454 -11.834 -11.696 
4824300000.0 -11.455 -11.808 -11.723 
4894800000.0 -11.423 -11.798 -11.692 
4966300000.0 -11.416 -11.798 -11.656 
5038900000.0 -11.416 -11.794 -11.649 
5112600000.0 -11.395 -11.759 -11.66 
5187300000.0 -11.384 -11.74 -11.647 
5263100000.0 -11.382 -11.74 -11.623 
5340000000.0 -11.341 -11.72 -11.598 
5418000000.0 -11.334 -11.7 -11.608 
5497200000.0 -11.319 -11.69 -11.574 
5577600000.0 -11.316 -11.701 -11.565 
5659100000.0 -11.333 -11.659 -11.553 
5741800000.0 -11.317 -11.643 -11.537 
5825700000.0 -11.279 -11.613 -11.519 
5910800000.0 -11.306 -11.618 -11.544 
5997200000.0 -11.295 -11.608 -11.5 
6084900000.0 -11.274 -11.569 -11.515 
6173800000.0 -11.252 -11.58 -11.463 
6264000000.0 -11.259 -11.592 -11.487 
6355500000.0 -11.259 -11.583 -11.441 
6448400000.0 -11.233 -11.539 -11.455 
6542700000.0 -11.253 -11.522 -11.437 
6638300000.0 -11.258 -11.513 -11.455 
6735300000.0 -11.211 -11.495 -11.429 
6833700000.0 -11.206 -11.485 -11.433 
6933600000.0 -11.201 -11.472 -11.399 
7034900000.0 -11.185 -11.461 -11.4 
7137700000.0 -11.183 -11.466 -11.379 
7242000000.0 -11.171 -11.434 -11.398 
7347900000.0 -11.153 -11.416 -11.344 
7455300000.0 -11.154 -11.413 -11.366 
7564200000.0 -11.141 -11.361 -11.288 
7674800000.0 -11.131 -11.355 -11.309 
7786900000.0 -11.121 -11.345 -11.285 
7900700000.0 -11.165 -11.358 -11.263 
8016200000.0 -11.103 -11.347 -11.241 
8133300000.0 -11.108 -11.337 -11.299 
8252200000.0 -11.143 -11.325 -11.249 
8372800000.0 -11.08 -11.278 -11.237 
8495200000.0 -11.071 -11.258 -11.227 
8619300000.0 -11.062 -11.238 -11.253 
8745300000.0 -11.11 -11.303 -11.262 
8873100000.0 -11.047 -11.252 -11.214 
9002800000.0 -11.036 -11.264 -11.193 
9134300000.0 -11.079 -11.236 -11.182 
9267800000.0 -11.02 -11.224 -11.188 
9403300000.0 -11.03 -11.258 -11.17 
9540700000.0 -10.937 -11.19 -11.153 
9680100000.0 -10.928 -11.247 -11.151 
9821600000.0 -10.955 -11.181 -11.143 
9965100000.0 -10.963 -11.217 -11.057 
10111000000.0 -10.911 -11.146 -11.046 
10258000000.0 -10.908 -11.222 -11.126 
10408000000.0 -10.865 -11.15 -11.027 
10561000000.0 -10.843 -11.245 -11.103 
10715000000.0 -10.844 -11.216 -11.092 
10871000000.0 -10.821 -11.196 -11.089 
11030000000.0 -10.822 -11.167 -11.069 
11192000000.0 -10.793 -11.173 -10.989 
11355000000.0 -10.763 -11.169 -11.055 
11521000000.0 -10.752 -11.174 -11.075 
11689000000.0 -10.699 -11.168 -11.058 
11860000000.0 -10.728 -11.14 -11.036 
12034000000.0 -10.658 -11.045 -11.062 
12209000000.0 -10.696 -11.125 -11.028 
12388000000.0 -10.683 -11.177 -10.933 
12569000000.0 -10.69 -11.131 -11.023 
12753000000.0 -10.68 -11.129 -11.005 
12939000000.0 -10.572 -10.984 -10.961 
13128000000.0 -10.626 -10.982 -11.011 
13320000000.0 -10.635 -11.092 -10.973 
13515000000.0 -10.623 -11.108 -10.969 
13712000000.0 -10.59 -11.038 -11.005 
13912000000.0 -10.59 -11.056 -10.808 
14116000000.0 -10.579 -11.01 -10.989 
14322000000.0 -10.565 -11.076 -10.932 
14531000000.0 -10.552 -11.021 -10.906 
14744000000.0 -10.539 -10.984 -10.754 
14959000000.0 -10.43 -10.843 -10.88 
15178000000.0 -10.532 -10.974 -10.896 
15400000000.0 -10.511 -10.955 -10.862 
15625000000.0 -10.419 -10.928 -10.858 
15853000000.0 -10.482 -10.932 -10.875 
16085000000.0 -10.502 -10.89 -10.807 
16320000000.0 -10.471 -10.877 -10.815 
16558000000.0 -10.479 -10.872 -10.818 
16800000000.0 -10.472 -10.843 -10.876 
17046000000.0 -10.462 -10.666 -10.778 
17295000000.0 -10.462 -10.813 -10.767 
17548000000.0 -10.44 -10.808 -10.809 
17804000000.0 -10.43 -10.81 -10.768 
18064000000.0 -10.435 -10.777 -10.775 
18328000000.0 -10.285 -10.765 -10.797 
18596000000.0 -10.428 -10.754 -10.765 
18868000000.0 -10.391 -10.794 -10.769 
19144000000.0 -10.389 -10.722 -10.714 
19423000000.0 -10.372 -10.751 -10.821 
19707000000.0 -10.385 -10.744 -10.796 
19995000000.0 -10.383 -10.701 -10.711 
