#METAL 0.0004 0.008 0.05 
10000.0 -14.535 -14.579 -14.809 
10146.0 -14.535 -14.579 -14.809 
10294.0 -14.535 -14.579 -14.809 
10445.0 -14.536 -14.579 -14.809 
10598.0 -14.536 -14.579 -14.809 
10752.0 -14.536 -14.579 -14.809 
10910.0 -14.536 -14.579 -14.809 
11069.0 -14.536 -14.579 -14.809 
11231.0 -14.536 -14.579 -14.809 
11395.0 -14.536 -14.579 -14.809 
11561.0 -14.536 -14.579 -14.809 
11730.0 -14.536 -14.579 -14.809 
11902.0 -14.536 -14.579 -14.809 
12076.0 -14.536 -14.579 -14.809 
12252.0 -14.536 -14.579 -14.809 
12431.0 -14.536 -14.579 -14.809 
12613.0 -14.536 -14.579 -14.809 
12797.0 -14.536 -14.579 -14.809 
12984.0 -14.536 -14.579 -14.809 
13174.0 -14.536 -14.579 -14.809 
13367.0 -14.536 -14.579 -14.809 
13562.0 -14.536 -14.579 -14.809 
13760.0 -14.536 -14.579 -14.809 
13961.0 -14.536 -14.579 -14.81 
14165.0 -14.536 -14.579 -14.81 
14372.0 -14.536 -14.579 -14.81 
14582.0 -14.536 -14.579 -14.81 
14795.0 -14.536 -14.579 -14.81 
15012.0 -14.536 -14.579 -14.81 
15231.0 -14.536 -14.579 -14.81 
15454.0 -14.536 -14.579 -14.81 
15679.0 -14.536 -14.579 -14.81 
15909.0 -14.536 -14.579 -14.81 
16141.0 -14.536 -14.579 -14.81 
16377.0 -14.536 -14.579 -14.81 
16616.0 -14.536 -14.579 -14.811 
16859.0 -14.536 -14.579 -14.811 
17105.0 -14.536 -14.579 -14.811 
17355.0 -14.536 -14.579 -14.811 
17609.0 -14.536 -14.579 -14.811 
17866.0 -14.536 -14.579 -14.811 
18128.0 -14.536 -14.579 -14.811 
18392.0 -14.536 -14.579 -14.811 
18661.0 -14.536 -14.579 -14.811 
18934.0 -14.536 -14.58 -14.811 
19211.0 -14.536 -14.58 -14.811 
19491.0 -14.536 -14.58 -14.811 
19776.0 -14.536 -14.58 -14.811 
20065.0 -14.536 -14.58 -14.811 
20358.0 -14.537 -14.58 -14.811 
20656.0 -14.537 -14.58 -14.811 
20958.0 -14.537 -14.58 -14.811 
21264.0 -14.537 -14.58 -14.811 
21575.0 -14.537 -14.58 -14.811 
21890.0 -14.537 -14.58 -14.813 
22210.0 -14.537 -14.58 -14.813 
22535.0 -14.537 -14.58 -14.813 
22864.0 -14.537 -14.58 -14.813 
23198.0 -14.537 -14.58 -14.813 
23537.0 -14.537 -14.58 -14.813 
23881.0 -14.537 -14.58 -14.813 
24230.0 -14.537 -14.58 -14.813 
24584.0 -14.537 -14.58 -14.813 
24944.0 -14.537 -14.58 -14.813 
25308.0 -14.537 -14.58 -14.813 
25678.0 -14.537 -14.58 -14.813 
26053.0 -14.537 -14.58 -14.813 
26434.0 -14.537 -14.58 -14.813 
26820.0 -14.537 -14.58 -14.813 
27212.0 -14.537 -14.58 -14.813 
27610.0 -14.537 -14.58 -14.813 
28013.0 -14.537 -14.58 -14.813 
28423.0 -14.537 -14.58 -14.813 
28838.0 -14.537 -14.58 -14.813 
29260.0 -14.537 -14.58 -14.815 
29687.0 -14.538 -14.581 -14.815 
30121.0 -14.538 -14.581 -14.815 
30561.0 -14.538 -14.581 -14.815 
31008.0 -14.538 -14.581 -14.815 
31461.0 -14.538 -14.581 -14.815 
31921.0 -14.538 -14.581 -14.815 
32387.0 -14.538 -14.581 -14.815 
32861.0 -14.538 -14.581 -14.816 
33341.0 -14.538 -14.581 -14.816 
33828.0 -14.538 -14.581 -14.816 
34322.0 -14.538 -14.581 -14.816 
34824.0 -14.538 -14.581 -14.816 
35333.0 -14.538 -14.581 -14.816 
35849.0 -14.538 -14.581 -14.817 
36373.0 -14.538 -14.581 -14.818 
36905.0 -14.538 -14.581 -14.818 
37444.0 -14.538 -14.581 -14.818 
37991.0 -14.538 -14.581 -14.818 
38547.0 -14.538 -14.581 -14.818 
39110.0 -14.539 -14.581 -14.819 
39681.0 -14.539 -14.581 -14.82 
40261.0 -14.539 -14.582 -14.82 
40850.0 -14.539 -14.582 -14.82 
41447.0 -14.539 -14.582 -14.82 
42052.0 -14.539 -14.582 -14.82 
42667.0 -14.539 -14.582 -14.82 
43291.0 -14.539 -14.582 -14.82 
43923.0 -14.539 -14.582 -14.82 
44565.0 -14.539 -14.582 -14.82 
45216.0 -14.539 -14.582 -14.82 
45877.0 -14.539 -14.582 -14.82 
46548.0 -14.539 -14.582 -14.82 
47228.0 -14.539 -14.582 -14.82 
47918.0 -14.54 -14.582 -14.82 
48618.0 -14.54 -14.582 -14.821 
49329.0 -14.54 -14.582 -14.82 
50050.0 -14.54 -14.582 -14.82 
50781.0 -14.54 -14.582 -14.821 
51523.0 -14.54 -14.582 -14.821 
52276.0 -14.54 -14.582 -14.821 
53040.0 -14.54 -14.582 -14.821 
53816.0 -14.54 -14.583 -14.821 
54602.0 -14.54 -14.583 -14.82 
55400.0 -14.54 -14.583 -14.82 
56210.0 -14.54 -14.583 -14.821 
57031.0 -14.541 -14.583 -14.821 
57864.0 -14.541 -14.583 -14.821 
58710.0 -14.541 -14.583 -14.821 
59568.0 -14.541 -14.583 -14.821 
60439.0 -14.541 -14.583 -14.821 
61322.0 -14.541 -14.583 -14.821 
62218.0 -14.541 -14.583 -14.821 
63127.0 -14.541 -14.583 -14.821 
64050.0 -14.541 -14.583 -14.821 
64986.0 -14.541 -14.584 -14.821 
65936.0 -14.541 -14.584 -14.821 
66899.0 -14.542 -14.584 -14.821 
67877.0 -14.542 -14.584 -14.821 
68869.0 -14.542 -14.584 -14.821 
69875.0 -14.542 -14.584 -14.821 
70897.0 -14.542 -14.584 -14.821 
71933.0 -14.542 -14.584 -14.821 
72984.0 -14.542 -14.584 -14.821 
74050.0 -14.542 -14.584 -14.821 
75133.0 -14.542 -14.584 -14.82 
76231.0 -14.543 -14.585 -14.819 
77345.0 -14.543 -14.585 -14.82 
78475.0 -14.543 -14.585 -14.82 
79622.0 -14.543 -14.585 -14.82 
80785.0 -14.543 -14.584 -14.82 
81966.0 -14.543 -14.584 -14.82 
83164.0 -14.543 -14.584 -14.82 
84379.0 -14.543 -14.584 -14.82 
85612.0 -14.544 -14.584 -14.82 
86864.0 -14.544 -14.584 -14.82 
88133.0 -14.544 -14.584 -14.82 
89421.0 -14.544 -14.584 -14.82 
90728.0 -14.544 -14.585 -14.82 
92054.0 -14.544 -14.585 -14.821 
93399.0 -14.544 -14.585 -14.821 
94764.0 -14.545 -14.585 -14.821 
96149.0 -14.545 -14.585 -14.821 
97554.0 -14.545 -14.585 -14.821 
98980.0 -14.545 -14.585 -14.822 
100430.0 -14.545 -14.585 -14.822 
101890.0 -14.545 -14.586 -14.822 
103380.0 -14.546 -14.586 -14.823 
104890.0 -14.546 -14.586 -14.823 
106430.0 -14.546 -14.586 -14.824 
107980.0 -14.546 -14.587 -14.824 
109560.0 -14.546 -14.587 -14.824 
111160.0 -14.546 -14.587 -14.824 
112790.0 -14.547 -14.587 -14.824 
114430.0 -14.547 -14.587 -14.824 
116110.0 -14.547 -14.587 -14.825 
117800.0 -14.547 -14.587 -14.825 
119520.0 -14.547 -14.588 -14.825 
121270.0 -14.547 -14.588 -14.825 
123040.0 -14.548 -14.588 -14.825 
124840.0 -14.548 -14.588 -14.825 
126670.0 -14.548 -14.588 -14.825 
128520.0 -14.548 -14.588 -14.825 
130400.0 -14.548 -14.589 -14.826 
132300.0 -14.549 -14.589 -14.826 
134240.0 -14.549 -14.589 -14.826 
136200.0 -14.549 -14.589 -14.827 
138190.0 -14.549 -14.589 -14.828 
140210.0 -14.55 -14.588 -14.829 
142260.0 -14.55 -14.589 -14.83 
144330.0 -14.55 -14.588 -14.83 
146440.0 -14.55 -14.589 -14.83 
148580.0 -14.55 -14.589 -14.831 
150760.0 -14.551 -14.589 -14.831 
152960.0 -14.551 -14.589 -14.831 
155190.0 -14.551 -14.589 -14.832 
157460.0 -14.551 -14.59 -14.832 
159760.0 -14.552 -14.59 -14.832 
162100.0 -14.552 -14.59 -14.833 
164470.0 -14.552 -14.59 -14.832 
166870.0 -14.552 -14.591 -14.832 
169310.0 -14.553 -14.591 -14.833 
171780.0 -14.553 -14.591 -14.833 
174290.0 -14.553 -14.591 -14.833 
176840.0 -14.553 -14.591 -14.834 
179430.0 -14.554 -14.591 -14.834 
182050.0 -14.554 -14.591 -14.835 
184710.0 -14.554 -14.591 -14.835 
187410.0 -14.555 -14.592 -14.835 
190150.0 -14.555 -14.592 -14.835 
192930.0 -14.555 -14.592 -14.836 
195740.0 -14.555 -14.592 -14.836 
198610.0 -14.556 -14.593 -14.836 
201510.0 -14.556 -14.593 -14.836 
204450.0 -14.556 -14.593 -14.836 
207440.0 -14.557 -14.593 -14.836 
210470.0 -14.557 -14.594 -14.836 
213550.0 -14.557 -14.594 -14.832 
216670.0 -14.558 -14.594 -14.832 
219840.0 -14.558 -14.595 -14.829 
223050.0 -14.558 -14.595 -14.828 
226310.0 -14.559 -14.595 -14.828 
229610.0 -14.559 -14.596 -14.827 
232970.0 -14.56 -14.596 -14.825 
236380.0 -14.56 -14.596 -14.824 
239830.0 -14.56 -14.597 -14.824 
243330.0 -14.561 -14.597 -14.823 
246890.0 -14.561 -14.597 -14.822 
250500.0 -14.561 -14.598 -14.822 
254160.0 -14.562 -14.598 -14.821 
257870.0 -14.562 -14.598 -14.821 
261640.0 -14.563 -14.599 -14.821 
265470.0 -14.563 -14.599 -14.821 
269350.0 -14.563 -14.598 -14.821 
273280.0 -14.564 -14.599 -14.82 
277280.0 -14.564 -14.599 -14.82 
281330.0 -14.565 -14.599 -14.82 
285440.0 -14.565 -14.6 -14.818 
289610.0 -14.566 -14.6 -14.819 
293840.0 -14.566 -14.601 -14.819 
298140.0 -14.567 -14.601 -14.819 
302490.0 -14.568 -14.602 -14.819 
306920.0 -14.569 -14.602 -14.823 
311400.0 -14.569 -14.602 -14.824 
315950.0 -14.57 -14.602 -14.824 
320570.0 -14.57 -14.602 -14.825 
325250.0 -14.571 -14.603 -14.826 
330010.0 -14.571 -14.603 -14.827 
334830.0 -14.572 -14.604 -14.829 
339720.0 -14.572 -14.604 -14.832 
344690.0 -14.573 -14.605 -14.833 
349730.0 -14.573 -14.605 -14.834 
354840.0 -14.574 -14.606 -14.835 
360020.0 -14.574 -14.606 -14.836 
365280.0 -14.575 -14.607 -14.837 
370620.0 -14.576 -14.607 -14.837 
376040.0 -14.576 -14.608 -14.838 
381530.0 -14.577 -14.608 -14.839 
387110.0 -14.577 -14.608 -14.84 
392770.0 -14.578 -14.609 -14.84 
398510.0 -14.579 -14.61 -14.841 
404330.0 -14.578 -14.61 -14.841 
410240.0 -14.579 -14.611 -14.841 
416230.0 -14.58 -14.611 -14.843 
422320.0 -14.58 -14.611 -14.843 
428490.0 -14.581 -14.611 -14.843 
434750.0 -14.582 -14.612 -14.843 
441100.0 -14.583 -14.613 -14.844 
447550.0 -14.584 -14.613 -14.844 
454090.0 -14.585 -14.614 -14.846 
460730.0 -14.586 -14.615 -14.846 
467460.0 -14.586 -14.615 -14.846 
474290.0 -14.587 -14.616 -14.846 
481220.0 -14.588 -14.617 -14.846 
488260.0 -14.589 -14.617 -14.847 
495390.0 -14.59 -14.618 -14.847 
502630.0 -14.591 -14.619 -14.843 
509980.0 -14.592 -14.619 -14.835 
517430.0 -14.592 -14.62 -14.831 
524990.0 -14.593 -14.621 -14.831 
532660.0 -14.594 -14.622 -14.831 
540450.0 -14.595 -14.622 -14.831 
548350.0 -14.596 -14.622 -14.832 
556360.0 -14.597 -14.623 -14.832 
564490.0 -14.598 -14.624 -14.831 
572740.0 -14.599 -14.624 -14.832 
581110.0 -14.6 -14.625 -14.833 
589600.0 -14.601 -14.626 -14.834 
598220.0 -14.602 -14.627 -14.834 
606960.0 -14.603 -14.628 -14.834 
615830.0 -14.604 -14.629 -14.835 
624830.0 -14.605 -14.63 -14.835 
633960.0 -14.606 -14.631 -14.835 
643230.0 -14.607 -14.631 -14.835 
652630.0 -14.608 -14.632 -14.837 
662170.0 -14.609 -14.633 -14.838 
671840.0 -14.61 -14.634 -14.838 
681660.0 -14.611 -14.634 -14.838 
691620.0 -14.612 -14.635 -14.839 
701730.0 -14.614 -14.636 -14.84 
711990.0 -14.615 -14.637 -14.84 
722390.0 -14.616 -14.638 -14.841 
732950.0 -14.617 -14.639 -14.841 
743660.0 -14.618 -14.64 -14.842 
754530.0 -14.62 -14.641 -14.843 
765560.0 -14.621 -14.642 -14.843 
776740.0 -14.622 -14.643 -14.843 
788100.0 -14.623 -14.644 -14.845 
799610.0 -14.625 -14.645 -14.846 
811300.0 -14.626 -14.645 -14.843 
823150.0 -14.628 -14.646 -14.844 
835180.0 -14.629 -14.648 -14.845 
847390.0 -14.63 -14.649 -14.848 
859770.0 -14.632 -14.65 -14.85 
872340.0 -14.633 -14.651 -14.853 
885090.0 -14.635 -14.652 -14.854 
898020.0 -14.636 -14.653 -14.855 
911150.0 -14.639 -14.654 -14.858 
924460.0 -14.641 -14.655 -14.862 
937970.0 -14.642 -14.656 -14.861 
951680.0 -14.644 -14.658 -14.862 
965590.0 -14.645 -14.659 -14.86 
979700.0 -14.647 -14.66 -14.859 
994020.0 -14.649 -14.662 -14.859 
1008500.0 -14.65 -14.663 -14.858 
1023300.0 -14.652 -14.665 -14.859 
1038200.0 -14.654 -14.665 -14.858 
1053400.0 -14.656 -14.667 -14.863 
1068800.0 -14.658 -14.668 -14.865 
1084400.0 -14.66 -14.669 -14.866 
1100300.0 -14.662 -14.67 -14.866 
1116400.0 -14.664 -14.671 -14.867 
1132700.0 -14.666 -14.673 -14.865 
1149200.0 -14.668 -14.675 -14.866 
1166000.0 -14.67 -14.676 -14.868 
1183100.0 -14.672 -14.678 -14.875 
1200300.0 -14.674 -14.68 -14.877 
1217900.0 -14.676 -14.681 -14.883 
1235700.0 -14.678 -14.683 -14.882 
1253700.0 -14.681 -14.685 -14.889 
1272100.0 -14.683 -14.686 -14.892 
1290700.0 -14.685 -14.688 -14.895 
1309500.0 -14.688 -14.69 -14.898 
1328700.0 -14.691 -14.691 -14.902 
1348100.0 -14.693 -14.693 -14.901 
1367800.0 -14.696 -14.694 -14.905 
1387800.0 -14.698 -14.695 -14.909 
1408000.0 -14.701 -14.696 -14.916 
1428600.0 -14.704 -14.698 -14.922 
1449500.0 -14.706 -14.7 -14.93 
1470700.0 -14.709 -14.701 -14.939 
1492200.0 -14.712 -14.703 -14.952 
1514000.0 -14.715 -14.702 -14.96 
1536100.0 -14.718 -14.704 -14.965 
1558600.0 -14.721 -14.707 -14.974 
1581300.0 -14.724 -14.71 -14.98 
1604400.0 -14.727 -14.713 -14.989 
1627900.0 -14.73 -14.715 -14.994 
1651700.0 -14.733 -14.718 -15.001 
1675800.0 -14.736 -14.721 -15.008 
1700300.0 -14.739 -14.723 -15.018 
1725200.0 -14.743 -14.727 -15.025 
1750400.0 -14.746 -14.729 -15.033 
1775900.0 -14.75 -14.732 -15.041 
1801900.0 -14.754 -14.734 -15.048 
1828200.0 -14.757 -14.738 -15.057 
1855000.0 -14.76 -14.74 -15.061 
1882100.0 -14.764 -14.744 -15.068 
1909600.0 -14.769 -14.747 -15.075 
1937500.0 -14.772 -14.751 -15.08 
1965800.0 -14.775 -14.755 -15.088 
1994500.0 -14.779 -14.76 -15.095 
2023700.0 -14.784 -14.765 -15.107 
2053200.0 -14.789 -14.765 -15.11 
2083200.0 -14.793 -14.776 -15.111 
2113700.0 -14.797 -14.781 -15.121 
2144600.0 -14.802 -14.785 -15.124 
2175900.0 -14.806 -14.789 -15.131 
2207700.0 -14.811 -14.792 -15.142 
2240000.0 -14.815 -14.796 -15.147 
2272700.0 -14.818 -14.801 -15.159 
2305900.0 -14.824 -14.807 -15.168 
2339600.0 -14.829 -14.812 -15.173 
2373800.0 -14.833 -14.816 -15.179 
2408500.0 -14.838 -14.82 -15.185 
2443700.0 -14.843 -14.825 -15.192 
2479400.0 -14.847 -14.828 -15.199 
2515700.0 -14.846 -14.83 -15.205 
2552400.0 -14.846 -14.835 -15.211 
2589700.0 -14.853 -14.841 -15.201 
2627600.0 -14.86 -14.846 -15.187 
2666000.0 -14.868 -14.851 -15.177 
2704900.0 -14.875 -14.859 -15.169 
2744500.0 -14.884 -14.867 -15.162 
2784600.0 -14.892 -14.876 -15.154 
2825300.0 -14.9 -14.884 -15.15 
2866600.0 -14.911 -14.895 -15.146 
2908500.0 -14.957 -14.898 -15.141 
2951000.0 -14.989 -14.91 -15.137 
2994100.0 -14.989 -14.925 -15.134 
3037800.0 -14.987 -14.94 -15.133 
3082200.0 -15.208 -14.953 -15.131 
3127300.0 -15.125 -15.044 -15.126 
3173000.0 -15.092 -14.99 -15.118 
3219400.0 -15.088 -14.975 -15.107 
3266400.0 -15.089 -14.969 -15.095 
3314100.0 -15.064 -14.949 -15.079 
3362600.0 -15.031 -14.927 -15.061 
3411700.0 -15.001 -14.903 -15.04 
3461600.0 -14.974 -14.884 -15.017 
3512200.0 -14.95 -14.875 -14.988 
3563500.0 -14.927 -14.88 -14.951 
3615600.0 -14.923 -14.88 -14.918 
3668400.0 -14.937 -14.81 -14.869 
3722000.0 -14.976 -14.774 -14.833 
3776400.0 -15.045 -14.801 -14.803 
3831600.0 -15.113 -14.777 -14.778 
3887600.0 -15.187 -14.756 -14.759 
3944400.0 -15.266 -14.735 -14.74 
4002100.0 -15.331 -14.714 -14.723 
4060500.0 -15.338 -14.696 -14.712 
4119900.0 -15.315 -14.686 -14.701 
4180100.0 -15.268 -14.662 -14.691 
4241200.0 -15.224 -14.649 -14.68 
4303200.0 -15.183 -14.63 -14.675 
4366000.0 -15.142 -14.617 -14.671 
4429800.0 -15.098 -14.6 -14.669 
4494600.0 -15.049 -14.588 -14.666 
4560300.0 -14.997 -14.58 -14.664 
4626900.0 -14.94 -14.575 -14.667 
4694500.0 -14.882 -14.578 -14.67 
4763100.0 -14.823 -14.587 -14.671 
4832800.0 -14.764 -14.601 -14.679 
4903400.0 -14.703 -14.616 -14.688 
4975000.0 -14.645 -14.648 -14.696 
5047700.0 -14.59 -14.682 -14.702 
5121500.0 -14.536 -14.711 -14.775 
5196400.0 -14.488 -14.732 -14.796 
5272300.0 -14.441 -14.749 -14.815 
5349400.0 -14.391 -14.768 -14.839 
5427500.0 -14.345 -14.783 -14.866 
5506800.0 -14.309 -14.802 -14.898 
5587300.0 -14.273 -14.819 -14.935 
5669000.0 -14.243 -14.837 -14.981 
5751800.0 -14.207 -14.857 -15.034 
5835900.0 -14.181 -14.877 -15.097 
5921200.0 -14.153 -14.905 -15.171 
6007700.0 -14.123 -14.937 -15.256 
6095500.0 -14.098 -14.99 -15.349 
6184600.0 -14.071 -15.046 -15.446 
6275000.0 -14.044 -15.106 -15.54 
6366700.0 -14.017 -15.159 -15.627 
6459700.0 -13.993 -15.178 -15.675 
6554100.0 -13.966 -15.159 -15.653 
6649900.0 -13.941 -15.129 -15.54 
6747100.0 -13.918 -15.101 -15.358 
6845700.0 -13.892 -15.069 -15.058 
6945700.0 -13.868 -15.037 -14.571 
7047200.0 -13.846 -15.007 -14.298 
7150200.0 -13.826 -14.974 -14.237 
7254700.0 -13.804 -14.942 -14.189 
7360700.0 -13.784 -14.909 -14.139 
7468300.0 -13.763 -14.874 -14.099 
7577500.0 -13.743 -14.842 -14.053 
7688200.0 -13.722 -14.805 -14.0 
7800500.0 -13.704 -14.77 -13.966 
7914500.0 -13.685 -14.738 -13.917 
8030200.0 -13.665 -14.701 -13.891 
8147600.0 -13.646 -14.666 -13.856 
8266600.0 -13.626 -14.63 -13.82 
8387400.0 -13.608 -14.595 -13.79 
8510000.0 -13.59 -14.56 -13.763 
8634400.0 -13.57 -14.522 -13.728 
8760600.0 -13.552 -14.487 -13.702 
8888600.0 -13.534 -14.449 -13.674 
9018500.0 -13.515 -14.411 -13.654 
9150300.0 -13.497 -14.371 -13.625 
9284000.0 -13.479 -14.334 -13.606 
9419700.0 -13.462 -14.294 -13.586 
9557400.0 -13.442 -14.25 -13.571 
9697000.0 -13.423 -14.212 -13.553 
9838800.0 -13.405 -14.175 -13.537 
9982500.0 -13.386 -14.14 -13.521 
10128000.0 -13.373 -14.109 -13.502 
10276000.0 -13.361 -14.088 -13.483 
10427000.0 -13.354 -14.067 -13.465 
10579000.0 -13.349 -14.048 -13.445 
10734000.0 -13.348 -14.028 -13.427 
10890000.0 -13.348 -14.008 -13.409 
11050000.0 -13.349 -13.988 -13.39 
11211000.0 -13.352 -13.969 -13.375 
11375000.0 -13.354 -13.95 -13.358 
11541000.0 -13.356 -13.93 -13.343 
11710000.0 -13.36 -13.911 -13.326 
11881000.0 -13.362 -13.893 -13.312 
12055000.0 -13.366 -13.874 -13.295 
12231000.0 -13.369 -13.856 -13.278 
12410000.0 -13.371 -13.838 -13.264 
12591000.0 -13.374 -13.82 -13.251 
12775000.0 -13.374 -13.803 -13.236 
12962000.0 -13.373 -13.786 -13.222 
13151000.0 -13.372 -13.769 -13.209 
13343000.0 -13.369 -13.751 -13.194 
13538000.0 -13.367 -13.735 -13.181 
13736000.0 -13.363 -13.718 -13.17 
13937000.0 -13.358 -13.702 -13.161 
14140000.0 -13.353 -13.689 -13.149 
14347000.0 -13.345 -13.677 -13.142 
14557000.0 -13.336 -13.663 -13.132 
14770000.0 -13.327 -13.653 -13.122 
14985000.0 -13.317 -13.646 -13.111 
15204000.0 -13.303 -13.637 -13.101 
15427000.0 -13.289 -13.628 -13.09 
15652000.0 -13.273 -13.619 -13.078 
15881000.0 -13.26 -13.611 -13.072 
16113000.0 -13.247 -13.603 -13.062 
16348000.0 -13.233 -13.594 -13.051 
16587000.0 -13.221 -13.587 -13.039 
16830000.0 -13.209 -13.578 -13.031 
17076000.0 -13.197 -13.572 -13.019 
17325000.0 -13.184 -13.562 -13.006 
17578000.0 -13.172 -13.554 -12.993 
17835000.0 -13.162 -13.547 -12.99 
18096000.0 -13.151 -13.54 -12.979 
18360000.0 -13.14 -13.531 -12.967 
18629000.0 -13.131 -13.523 -12.953 
18901000.0 -13.121 -13.516 -12.945 
19177000.0 -13.11 -13.509 -12.934 
19457000.0 -13.102 -13.5 -12.918 
19742000.0 -13.093 -13.492 -12.907 
20030000.0 -13.084 -13.486 -12.896 
20323000.0 -13.074 -13.478 -12.883 
20620000.0 -13.065 -13.469 -12.87 
20921000.0 -13.053 -13.459 -12.855 
21227000.0 -13.043 -13.45 -12.842 
21537000.0 -13.036 -13.44 -12.828 
21852000.0 -13.025 -13.429 -12.812 
22171000.0 -13.019 -13.417 -12.794 
22495000.0 -13.009 -13.407 -12.775 
22824000.0 -13.001 -13.399 -12.753 
23158000.0 -12.993 -13.389 -12.733 
23496000.0 -12.985 -13.378 -12.727 
23839000.0 -12.976 -13.369 -12.721 
24188000.0 -12.967 -13.359 -12.713 
24541000.0 -12.962 -13.349 -12.71 
24900000.0 -12.954 -13.339 -12.704 
25264000.0 -12.947 -13.329 -12.696 
25633000.0 -12.937 -13.317 -12.692 
26008000.0 -12.931 -13.308 -12.687 
26388000.0 -12.924 -13.295 -12.683 
26773000.0 -12.917 -13.285 -12.678 
27165000.0 -12.91 -13.275 -12.673 
27562000.0 -12.906 -13.264 -12.665 
27964000.0 -12.897 -13.252 -12.656 
28373000.0 -12.893 -13.243 -12.656 
28788000.0 -12.888 -13.232 -12.651 
29209000.0 -12.882 -13.22 -12.646 
29635000.0 -12.874 -13.209 -12.639 
30068000.0 -12.867 -13.199 -12.634 
30508000.0 -12.861 -13.188 -12.631 
30954000.0 -12.855 -13.177 -12.626 
31406000.0 -12.852 -13.167 -12.621 
31865000.0 -12.846 -13.156 -12.614 
32331000.0 -12.842 -13.145 -12.61 
32803000.0 -12.838 -13.132 -12.606 
33283000.0 -12.835 -13.118 -12.601 
33769000.0 -12.828 -13.106 -12.597 
34263000.0 -12.824 -13.092 -12.591 
34763000.0 -12.817 -13.079 -12.587 
35271000.0 -12.81 -13.067 -12.583 
35787000.0 -12.802 -13.056 -12.579 
36310000.0 -12.79 -13.044 -12.574 
36840000.0 -12.782 -13.032 -12.57 
37379000.0 -12.774 -13.02 -12.565 
37925000.0 -12.765 -13.011 -12.561 
38479000.0 -12.756 -12.998 -12.558 
39042000.0 -12.748 -12.987 -12.553 
39612000.0 -12.738 -12.975 -12.549 
40191000.0 -12.732 -12.965 -12.546 
40778000.0 -12.72 -12.954 -12.543 
41374000.0 -12.714 -12.944 -12.539 
41979000.0 -12.702 -12.933 -12.537 
42593000.0 -12.695 -12.922 -12.534 
43215000.0 -12.686 -12.911 -12.53 
43847000.0 -12.674 -12.9 -12.528 
44487000.0 -12.664 -12.89 -12.525 
45137000.0 -12.652 -12.88 -12.524 
45797000.0 -12.643 -12.87 -12.522 
46466000.0 -12.632 -12.859 -12.521 
47145000.0 -12.625 -12.849 -12.521 
47834000.0 -12.611 -12.839 -12.531 
48534000.0 -12.601 -12.828 -12.543 
49243000.0 -12.59 -12.818 -12.556 
49962000.0 -12.58 -12.81 -12.57 
50693000.0 -12.571 -12.8 -12.584 
51433000.0 -12.562 -12.791 -12.598 
52185000.0 -12.554 -12.781 -12.591 
52948000.0 -12.545 -12.772 -12.589 
53722000.0 -12.537 -12.764 -12.585 
54507000.0 -12.53 -12.757 -12.581 
55303000.0 -12.521 -12.75 -12.578 
56111000.0 -12.512 -12.742 -12.571 
56931000.0 -12.505 -12.734 -12.569 
57763000.0 -12.496 -12.723 -12.562 
58608000.0 -12.488 -12.714 -12.557 
59464000.0 -12.479 -12.704 -12.552 
60333000.0 -12.472 -12.694 -12.547 
61215000.0 -12.465 -12.685 -12.541 
62109000.0 -12.456 -12.676 -12.536 
63017000.0 -12.448 -12.666 -12.53 
63938000.0 -12.441 -12.657 -12.523 
64872000.0 -12.433 -12.648 -12.517 
65821000.0 -12.425 -12.638 -12.512 
66782000.0 -12.416 -12.629 -12.501 
67758000.0 -12.406 -12.62 -12.485 
68749000.0 -12.398 -12.611 -12.47 
69753000.0 -12.389 -12.601 -12.453 
70773000.0 -12.38 -12.591 -12.435 
71807000.0 -12.371 -12.581 -12.415 
72856000.0 -12.366 -12.57 -12.396 
73921000.0 -12.361 -12.56 -12.381 
75001000.0 -12.356 -12.55 -12.371 
76098000.0 -12.352 -12.538 -12.362 
77210000.0 -12.349 -12.527 -12.352 
78338000.0 -12.346 -12.517 -12.341 
79483000.0 -12.343 -12.507 -12.333 
80644000.0 -12.344 -12.498 -12.321 
81823000.0 -12.338 -12.489 -12.312 
83019000.0 -12.339 -12.479 -12.303 
84232000.0 -12.339 -12.471 -12.292 
85463000.0 -12.335 -12.462 -12.283 
86712000.0 -12.335 -12.453 -12.273 
87979000.0 -12.337 -12.443 -12.262 
89265000.0 -12.338 -12.435 -12.253 
90569000.0 -12.339 -12.425 -12.243 
91893000.0 -12.342 -12.417 -12.233 
93236000.0 -12.344 -12.407 -12.224 
94599000.0 -12.347 -12.398 -12.214 
95981000.0 -12.35 -12.389 -12.205 
97384000.0 -12.357 -12.381 -12.195 
98807000.0 -12.363 -12.371 -12.186 
100250000.0 -12.37 -12.362 -12.175 
101720000.0 -12.378 -12.353 -12.166 
103200000.0 -12.386 -12.345 -12.157 
104710000.0 -12.384 -12.336 -12.147 
106240000.0 -12.384 -12.33 -12.138 
107790000.0 -12.382 -12.322 -12.128 
109370000.0 -12.381 -12.315 -12.119 
110970000.0 -12.378 -12.308 -12.109 
112590000.0 -12.378 -12.302 -12.1 
114230000.0 -12.375 -12.295 -12.089 
115900000.0 -12.372 -12.289 -12.081 
117600000.0 -12.371 -12.281 -12.07 
119320000.0 -12.368 -12.272 -12.059 
121060000.0 -12.366 -12.262 -12.048 
122830000.0 -12.362 -12.252 -12.037 
124620000.0 -12.358 -12.243 -12.026 
126450000.0 -12.354 -12.234 -12.014 
128290000.0 -12.345 -12.224 -12.003 
130170000.0 -12.339 -12.214 -11.991 
132070000.0 -12.332 -12.203 -11.979 
134000000.0 -12.324 -12.194 -11.968 
135960000.0 -12.317 -12.183 -11.958 
137950000.0 -12.309 -12.174 -11.945 
139960000.0 -12.301 -12.163 -11.934 
142010000.0 -12.296 -12.151 -11.922 
144080000.0 -12.289 -12.141 -11.91 
146190000.0 -12.278 -12.128 -11.896 
148320000.0 -12.275 -12.118 -11.884 
150490000.0 -12.264 -12.107 -11.871 
152690000.0 -12.259 -12.096 -11.86 
154920000.0 -12.247 -12.085 -11.848 
157190000.0 -12.243 -12.075 -11.837 
159480000.0 -12.234 -12.064 -11.827 
161810000.0 -12.228 -12.054 -11.816 
164180000.0 -12.217 -12.043 -11.806 
166580000.0 -12.209 -12.033 -11.799 
169010000.0 -12.201 -12.023 -11.791 
171480000.0 -12.195 -12.012 -11.782 
173990000.0 -12.183 -12.003 -11.775 
176530000.0 -12.176 -11.991 -11.768 
179110000.0 -12.164 -11.982 -11.76 
181730000.0 -12.154 -11.971 -11.752 
184390000.0 -12.145 -11.96 -11.743 
187080000.0 -12.133 -11.948 -11.735 
189810000.0 -12.123 -11.937 -11.726 
192590000.0 -12.111 -11.926 -11.718 
195400000.0 -12.102 -11.915 -11.708 
198260000.0 -12.09 -11.903 -11.699 
201160000.0 -12.079 -11.891 -11.69 
204100000.0 -12.066 -11.879 -11.681 
207080000.0 -12.053 -11.867 -11.672 
210100000.0 -12.042 -11.855 -11.662 
213180000.0 -12.029 -11.844 -11.654 
216290000.0 -12.017 -11.83 -11.644 
219450000.0 -12.017 -11.82 -11.635 
222660000.0 -12.015 -11.807 -11.626 
225910000.0 -12.016 -11.795 -11.617 
229210000.0 -12.015 -11.781 -11.607 
232560000.0 -12.016 -11.767 -11.596 
235960000.0 -12.017 -11.755 -11.587 
239410000.0 -12.019 -11.742 -11.578 
242910000.0 -12.021 -11.729 -11.568 
246460000.0 -12.023 -11.716 -11.559 
250060000.0 -12.027 -11.705 -11.549 
253720000.0 -12.03 -11.693 -11.538 
257420000.0 -12.037 -11.68 -11.529 
261190000.0 -12.043 -11.667 -11.519 
265000000.0 -12.048 -11.658 -11.508 
268880000.0 -12.056 -11.649 -11.498 
272800000.0 -12.064 -11.64 -11.488 
276790000.0 -12.073 -11.631 -11.478 
280840000.0 -12.084 -11.62 -11.467 
284940000.0 -12.094 -11.612 -11.457 
289110000.0 -12.102 -11.604 -11.447 
293330000.0 -12.116 -11.594 -11.438 
297620000.0 -12.132 -11.586 -11.427 
301970000.0 -12.145 -11.577 -11.417 
306380000.0 -12.142 -11.568 -11.407 
310860000.0 -12.128 -11.558 -11.397 
315400000.0 -12.113 -11.549 -11.387 
320010000.0 -12.098 -11.54 -11.377 
324690000.0 -12.085 -11.53 -11.367 
329430000.0 -12.07 -11.521 -11.357 
334250000.0 -12.058 -11.512 -11.346 
339130000.0 -12.046 -11.503 -11.336 
344090000.0 -12.033 -11.493 -11.326 
349110000.0 -12.023 -11.485 -11.316 
354220000.0 -12.01 -11.477 -11.305 
359390000.0 -11.998 -11.469 -11.295 
364650000.0 -11.989 -11.461 -11.285 
369970000.0 -11.98 -11.452 -11.275 
375380000.0 -11.969 -11.445 -11.265 
380870000.0 -11.962 -11.437 -11.255 
386430000.0 -11.953 -11.43 -11.245 
392080000.0 -11.944 -11.421 -11.235 
397810000.0 -11.938 -11.415 -11.225 
403620000.0 -11.929 -11.407 -11.215 
409520000.0 -11.921 -11.401 -11.204 
415510000.0 -11.915 -11.397 -11.195 
421580000.0 -11.909 -11.392 -11.184 
427740000.0 -11.903 -11.386 -11.174 
433990000.0 -11.899 -11.382 -11.165 
440330000.0 -11.893 -11.377 -11.154 
446770000.0 -11.889 -11.372 -11.144 
453300000.0 -11.883 -11.367 -11.134 
459920000.0 -11.879 -11.363 -11.125 
466640000.0 -11.871 -11.359 -11.115 
473460000.0 -11.853 -11.356 -11.106 
480380000.0 -11.833 -11.351 -11.095 
487400000.0 -11.813 -11.348 -11.086 
494530000.0 -11.792 -11.345 -11.076 
501750000.0 -11.773 -11.339 -11.065 
509090000.0 -11.751 -11.332 -11.055 
516530000.0 -11.73 -11.327 -11.046 
524080000.0 -11.709 -11.324 -11.036 
531730000.0 -11.685 -11.321 -11.025 
539510000.0 -11.663 -11.316 -11.014 
547390000.0 -11.64 -11.315 -11.005 
555390000.0 -11.619 -11.313 -10.994 
563510000.0 -11.595 -11.309 -10.985 
571740000.0 -11.572 -11.306 -10.974 
580100000.0 -11.547 -11.304 -10.965 
588570000.0 -11.524 -11.302 -10.953 
597180000.0 -11.499 -11.299 -10.942 
605900000.0 -11.475 -11.297 -10.933 
614760000.0 -11.449 -11.294 -10.921 
623740000.0 -11.426 -11.293 -10.91 
632860000.0 -11.401 -11.289 -10.9 
642110000.0 -11.37 -11.288 -10.888 
651490000.0 -11.351 -11.285 -10.878 
661010000.0 -11.336 -11.282 -10.865 
670670000.0 -11.32 -11.28 -10.855 
680470000.0 -11.304 -11.279 -10.844 
690420000.0 -11.291 -11.283 -10.833 
700510000.0 -11.277 -11.278 -10.823 
710740000.0 -11.263 -11.269 -10.812 
721130000.0 -11.25 -11.258 -10.801 
731670000.0 -11.236 -11.248 -10.788 
742360000.0 -11.223 -11.238 -10.777 
753210000.0 -11.21 -11.228 -10.767 
764220000.0 -11.198 -11.217 -10.756 
775390000.0 -11.184 -11.208 -10.744 
786720000.0 -11.172 -11.194 -10.733 
798220000.0 -11.161 -11.185 -10.722 
809880000.0 -11.148 -11.169 -10.711 
821720000.0 -11.137 -11.159 -10.699 
833730000.0 -11.133 -11.146 -10.688 
845910000.0 -11.122 -11.135 -10.677 
858270000.0 -11.111 -11.122 -10.665 
870820000.0 -11.101 -11.109 -10.653 
883540000.0 -11.09 -11.095 -10.642 
896450000.0 -11.08 -11.081 -10.63 
909550000.0 -11.072 -11.068 -10.618 
922850000.0 -11.063 -11.053 -10.607 
936330000.0 -11.057 -11.038 -10.595 
950020000.0 -11.05 -11.023 -10.584 
963900000.0 -11.037 -11.005 -10.571 
977990000.0 -11.031 -10.984 -10.56 
992280000.0 -11.022 -10.969 -10.549 
1006800000.0 -11.015 -10.954 -10.536 
1021500000.0 -11.01 -10.938 -10.525 
1036400000.0 -11.004 -10.923 -10.513 
1051600000.0 -10.999 -10.908 -10.501 
1066900000.0 -10.995 -10.893 -10.49 
1082500000.0 -10.989 -10.878 -10.479 
1098400000.0 -10.988 -10.869 -10.468 
1114400000.0 -10.993 -10.861 -10.457 
1130700000.0 -11.013 -10.855 -10.445 
1147200000.0 -11.016 -10.849 -10.435 
1164000000.0 -11.019 -10.846 -10.423 
1181000000.0 -11.023 -10.845 -10.415 
1198200000.0 -11.03 -10.845 -10.41 
1215800000.0 -11.036 -10.854 -10.405 
1233500000.0 -11.043 -10.857 -10.401 
1251600000.0 -11.051 -10.879 -10.398 
1269800000.0 -11.06 -10.892 -10.396 
1288400000.0 -11.048 -10.907 -10.395 
1307200000.0 -11.054 -10.92 -10.394 
1326300000.0 -11.061 -10.925 -10.396 
1345700000.0 -11.055 -10.933 -10.399 
1365400000.0 -11.046 -10.941 -10.4 
1385300000.0 -11.036 -10.95 -10.407 
1405600000.0 -11.021 -10.988 -10.403 
1426100000.0 -11.002 -11.091 -10.401 
1447000000.0 -10.945 -11.311 -10.4 
1468100000.0 -10.89 -10.8 -10.397 
1489600000.0 -10.865 -10.743 -10.396 
1511300000.0 -10.843 -10.695 -10.422 
1533400000.0 -10.823 -10.646 -10.415 
1555800000.0 -10.804 -10.617 -10.405 
1578600000.0 -10.786 -10.592 -10.393 
1601600000.0 -10.771 -10.571 -10.367 
1625000000.0 -10.76 -10.552 -10.235 
1648800000.0 -10.748 -10.537 -10.2 
1672900000.0 -10.737 -10.564 -10.172 
1697300000.0 -10.731 -10.544 -10.144 
1722100000.0 -10.726 -10.523 -10.123 
1747300000.0 -10.749 -10.504 -10.099 
1772800000.0 -10.744 -10.484 -10.077 
1798800000.0 -10.738 -10.466 -10.06 
1825000000.0 -10.732 -10.448 -10.052 
1851700000.0 -10.725 -10.428 -10.033 
1878800000.0 -10.717 -10.411 -10.015 
1906200000.0 -10.712 -10.395 -9.996 
1934100000.0 -10.707 -10.378 -9.98 
1962400000.0 -10.699 -10.363 -9.963 
1991000000.0 -10.689 -10.347 -9.946 
2020100000.0 -10.672 -10.331 -9.931 
2049700000.0 -10.659 -10.317 -9.915 
2079600000.0 -10.642 -10.3 -9.9 
2110000000.0 -10.623 -10.285 -9.886 
2140800000.0 -10.606 -10.268 -9.874 
2172100000.0 -10.594 -10.253 -9.859 
2203900000.0 -10.58 -10.237 -9.845 
2236100000.0 -10.568 -10.223 -9.83 
2268800000.0 -10.555 -10.214 -9.816 
2301900000.0 -10.543 -10.202 -9.799 
2335500000.0 -10.529 -10.188 -9.784 
2369700000.0 -10.517 -10.177 -9.769 
2404300000.0 -10.503 -10.17 -9.756 
2439400000.0 -10.49 -10.157 -9.741 
2475100000.0 -10.476 -10.143 -9.726 
2511300000.0 -10.463 -10.131 -9.711 
2548000000.0 -10.444 -10.121 -9.571 
2585200000.0 -10.43 -10.11 -9.682 
2623000000.0 -10.416 -10.099 -9.667 
2661300000.0 -10.403 -10.09 -9.651 
2700200000.0 -10.391 -10.081 -9.638 
2739700000.0 -10.38 -10.073 -9.623 
2779700000.0 -10.367 -10.063 -9.608 
2820300000.0 -10.355 -10.043 -9.592 
2861600000.0 -10.342 -10.03 -9.579 
2903400000.0 -10.329 -10.013 -9.565 
2945800000.0 -10.317 -9.997 -9.554 
2988900000.0 -10.306 -9.983 -9.54 
3032500000.0 -10.292 -9.97 -9.529 
3076900000.0 -10.281 -9.956 -9.518 
3121800000.0 -10.268 -9.945 -9.505 
3167400000.0 -10.256 -9.931 -9.492 
3213700000.0 -10.244 -9.918 -9.48 
3260700000.0 -10.234 -9.906 -9.469 
3308300000.0 -10.226 -9.893 -9.458 
3356700000.0 -10.218 -9.881 -9.448 
3405800000.0 -10.21 -9.869 -9.437 
3455500000.0 -10.199 -9.853 -9.426 
3506000000.0 -10.184 -9.84 -9.417 
3557300000.0 -10.167 -9.829 -9.408 
3609200000.0 -10.153 -9.825 -9.398 
3662000000.0 -10.139 -9.821 -9.389 
3715500000.0 -10.124 -9.812 -9.376 
3769800000.0 -10.108 -9.806 -9.364 
3824900000.0 -10.094 -9.796 -9.351 
3880800000.0 -10.08 -9.786 -9.337 
3937500000.0 -10.068 -9.773 -9.327 
3995100000.0 -10.054 -9.762 -9.314 
4053400000.0 -10.04 -9.75 -9.303 
4112700000.0 -10.028 -9.739 -9.293 
4172800000.0 -10.015 -9.729 -9.281 
4233800000.0 -10.004 -9.717 -9.27 
4295600000.0 -9.991 -9.708 -9.257 
4358400000.0 -9.981 -9.696 -9.247 
4422100000.0 -9.969 -9.684 -9.232 
4486700000.0 -9.958 -9.674 -9.221 
4552300000.0 -9.944 -9.662 -9.213 
4618800000.0 -9.934 -9.648 -9.203 
4686300000.0 -9.924 -9.634 -9.193 
4754800000.0 -9.912 -9.611 -9.177 
4824300000.0 -9.902 -9.596 -9.164 
4894800000.0 -9.887 -9.581 -9.148 
4966300000.0 -9.879 -9.565 -9.133 
5038900000.0 -9.868 -9.551 -9.12 
5112600000.0 -9.855 -9.539 -9.106 
5187300000.0 -9.842 -9.523 -9.093 
5263100000.0 -9.833 -9.51 -9.079 
5340000000.0 -9.819 -9.496 -9.063 
5418000000.0 -9.808 -9.481 -9.05 
5497200000.0 -9.795 -9.467 -9.035 
5577600000.0 -9.786 -9.455 -9.02 
5659100000.0 -9.773 -9.439 -9.007 
5741800000.0 -9.761 -9.423 -8.99 
5825700000.0 -9.748 -9.41 -8.976 
5910800000.0 -9.739 -9.394 -8.962 
5997200000.0 -9.727 -9.38 -8.947 
6084900000.0 -9.713 -9.368 -8.933 
6173800000.0 -9.702 -9.349 -8.919 
6264000000.0 -9.692 -9.335 -8.906 
6355500000.0 -9.681 -9.32 -8.893 
6448400000.0 -9.669 -9.301 -8.885 
6542700000.0 -9.658 -9.285 -8.875 
6638300000.0 -9.652 -9.269 -8.863 
6735300000.0 -9.634 -9.254 -8.849 
6833700000.0 -9.626 -9.24 -8.837 
6933600000.0 -9.614 -9.225 -8.824 
7034900000.0 -9.603 -9.211 -8.811 
7137700000.0 -9.592 -9.195 -8.8 
7242000000.0 -9.581 -9.182 -8.787 
7347900000.0 -9.568 -9.167 -8.771 
7455300000.0 -9.559 -9.155 -8.76 
7564200000.0 -9.546 -9.142 -8.745 
7674800000.0 -9.535 -9.13 -8.733 
7786900000.0 -9.525 -9.116 -8.719 
7900700000.0 -9.518 -9.1 -8.705 
8016200000.0 -9.501 -9.089 -8.692 
8133300000.0 -9.492 -9.073 -8.679 
8252200000.0 -9.483 -9.06 -8.665 
8372800000.0 -9.467 -9.055 -8.652 
8495200000.0 -9.455 -9.037 -8.637 
8619300000.0 -9.443 -9.028 -8.627 
8745300000.0 -9.437 -9.01 -8.615 
8873100000.0 -9.405 -8.996 -8.602 
9002800000.0 -9.411 -8.984 -8.592 
9134300000.0 -9.401 -8.973 -8.581 
9267800000.0 -9.374 -8.962 -8.568 
9403300000.0 -9.376 -8.971 -8.557 
9540700000.0 -9.338 -8.971 -8.544 
9680100000.0 -9.326 -8.955 -8.532 
9821600000.0 -9.334 -8.953 -8.519 
9965100000.0 -9.322 -8.931 -8.506 
10111000000.0 -9.305 -8.93 -8.493 
10258000000.0 -9.294 -8.914 -8.481 
10408000000.0 -9.274 -8.911 -8.469 
10561000000.0 -9.259 -8.894 -8.456 
10715000000.0 -9.25 -8.879 -8.445 
10871000000.0 -9.235 -8.871 -8.432 
11030000000.0 -9.226 -8.858 -8.42 
11192000000.0 -9.21 -8.85 -8.408 
11355000000.0 -9.19 -8.838 -8.397 
11521000000.0 -9.177 -8.828 -8.385 
11689000000.0 -9.141 -8.818 -8.375 
11860000000.0 -9.154 -8.806 -8.362 
12034000000.0 -9.107 -8.798 -8.351 
12209000000.0 -9.124 -8.783 -8.339 
12388000000.0 -9.111 -8.775 -8.328 
12569000000.0 -9.108 -8.764 -8.314 
12753000000.0 -9.098 -8.753 -8.295 
12939000000.0 -9.033 -8.742 -8.28 
13128000000.0 -9.056 -8.73 -8.268 
13320000000.0 -9.056 -8.72 -8.254 
13515000000.0 -9.044 -8.706 -8.243 
13712000000.0 -9.018 -8.705 -8.231 
13912000000.0 -9.013 -8.684 -8.217 
14116000000.0 -9.003 -8.683 -8.207 
14322000000.0 -8.989 -8.664 -8.193 
14531000000.0 -8.977 -8.653 -8.179 
14744000000.0 -8.963 -8.634 -8.167 
14959000000.0 -8.897 -8.633 -8.154 
15178000000.0 -8.947 -8.616 -8.142 
15400000000.0 -8.928 -8.602 -8.129 
15625000000.0 -8.877 -8.591 -8.116 
15853000000.0 -8.898 -8.579 -8.105 
16085000000.0 -8.911 -8.568 -8.091 
16320000000.0 -8.882 -8.553 -8.081 
16558000000.0 -8.885 -8.543 -8.066 
16800000000.0 -8.876 -8.53 -8.055 
17046000000.0 -8.865 -8.527 -8.042 
17295000000.0 -8.861 -8.502 -8.029 
17548000000.0 -8.841 -8.487 -8.017 
17804000000.0 -8.831 -8.475 -8.004 
18064000000.0 -8.83 -8.458 -7.992 
18328000000.0 -8.745 -8.458 -7.983 
18596000000.0 -8.817 -8.443 -7.969 
18868000000.0 -8.787 -8.426 -7.958 
19144000000.0 -8.785 -8.403 -7.954 
19423000000.0 -8.769 -8.4 -7.958 
19707000000.0 -8.771 -8.399 -7.948 
19995000000.0 -8.766 -8.367 -7.934 
