#METAL 0.0004 0.008 0.05 
10000.0 -14.36 -14.441 -14.742 
10146.0 -14.36 -14.441 -14.742 
10294.0 -14.36 -14.441 -14.742 
10445.0 -14.361 -14.441 -14.742 
10598.0 -14.361 -14.441 -14.742 
10752.0 -14.361 -14.441 -14.742 
10910.0 -14.361 -14.441 -14.742 
11069.0 -14.361 -14.441 -14.742 
11231.0 -14.361 -14.441 -14.742 
11395.0 -14.361 -14.441 -14.742 
11561.0 -14.361 -14.441 -14.742 
11730.0 -14.361 -14.441 -14.742 
11902.0 -14.361 -14.441 -14.742 
12076.0 -14.361 -14.441 -14.742 
12252.0 -14.361 -14.441 -14.742 
12431.0 -14.361 -14.441 -14.742 
12613.0 -14.361 -14.441 -14.742 
12797.0 -14.361 -14.441 -14.742 
12984.0 -14.361 -14.441 -14.742 
13174.0 -14.361 -14.441 -14.742 
13367.0 -14.361 -14.441 -14.742 
13562.0 -14.361 -14.441 -14.742 
13760.0 -14.361 -14.441 -14.742 
13961.0 -14.361 -14.441 -14.743 
14165.0 -14.361 -14.441 -14.743 
14372.0 -14.361 -14.441 -14.743 
14582.0 -14.361 -14.441 -14.743 
14795.0 -14.361 -14.441 -14.743 
15012.0 -14.361 -14.441 -14.743 
15231.0 -14.361 -14.441 -14.743 
15454.0 -14.361 -14.441 -14.743 
15679.0 -14.361 -14.441 -14.743 
15909.0 -14.361 -14.441 -14.743 
16141.0 -14.361 -14.441 -14.743 
16377.0 -14.361 -14.441 -14.743 
16616.0 -14.361 -14.441 -14.743 
16859.0 -14.361 -14.441 -14.743 
17105.0 -14.361 -14.441 -14.743 
17355.0 -14.361 -14.441 -14.743 
17609.0 -14.361 -14.441 -14.743 
17866.0 -14.361 -14.441 -14.743 
18128.0 -14.361 -14.441 -14.743 
18392.0 -14.361 -14.441 -14.743 
18661.0 -14.361 -14.441 -14.743 
18934.0 -14.361 -14.442 -14.743 
19211.0 -14.361 -14.442 -14.743 
19491.0 -14.361 -14.442 -14.743 
19776.0 -14.361 -14.442 -14.743 
20065.0 -14.361 -14.442 -14.743 
20358.0 -14.362 -14.442 -14.743 
20656.0 -14.362 -14.442 -14.743 
20958.0 -14.362 -14.442 -14.743 
21264.0 -14.362 -14.442 -14.743 
21575.0 -14.362 -14.442 -14.743 
21890.0 -14.362 -14.442 -14.744 
22210.0 -14.362 -14.442 -14.744 
22535.0 -14.362 -14.442 -14.744 
22864.0 -14.362 -14.442 -14.744 
23198.0 -14.362 -14.442 -14.744 
23537.0 -14.362 -14.442 -14.744 
23881.0 -14.362 -14.442 -14.744 
24230.0 -14.362 -14.442 -14.744 
24584.0 -14.362 -14.442 -14.744 
24944.0 -14.362 -14.442 -14.744 
25308.0 -14.362 -14.442 -14.744 
25678.0 -14.362 -14.442 -14.744 
26053.0 -14.362 -14.442 -14.744 
26434.0 -14.362 -14.442 -14.744 
26820.0 -14.362 -14.442 -14.744 
27212.0 -14.362 -14.442 -14.744 
27610.0 -14.362 -14.442 -14.744 
28013.0 -14.362 -14.442 -14.744 
28423.0 -14.362 -14.442 -14.744 
28838.0 -14.362 -14.442 -14.744 
29260.0 -14.362 -14.442 -14.745 
29687.0 -14.363 -14.443 -14.745 
30121.0 -14.363 -14.443 -14.745 
30561.0 -14.363 -14.443 -14.745 
31008.0 -14.363 -14.443 -14.745 
31461.0 -14.363 -14.443 -14.745 
31921.0 -14.363 -14.443 -14.745 
32387.0 -14.363 -14.443 -14.745 
32861.0 -14.363 -14.443 -14.745 
33341.0 -14.363 -14.443 -14.745 
33828.0 -14.363 -14.443 -14.745 
34322.0 -14.363 -14.443 -14.745 
34824.0 -14.363 -14.443 -14.745 
35333.0 -14.363 -14.443 -14.745 
35849.0 -14.363 -14.443 -14.746 
36373.0 -14.363 -14.443 -14.746 
36905.0 -14.363 -14.443 -14.746 
37444.0 -14.363 -14.443 -14.746 
37991.0 -14.363 -14.443 -14.746 
38547.0 -14.363 -14.443 -14.746 
39110.0 -14.364 -14.443 -14.747 
39681.0 -14.364 -14.443 -14.747 
40261.0 -14.364 -14.444 -14.747 
40850.0 -14.364 -14.444 -14.747 
41447.0 -14.364 -14.444 -14.747 
42052.0 -14.364 -14.444 -14.747 
42667.0 -14.364 -14.444 -14.747 
43291.0 -14.364 -14.444 -14.747 
43923.0 -14.364 -14.444 -14.747 
44565.0 -14.364 -14.444 -14.747 
45216.0 -14.364 -14.444 -14.747 
45877.0 -14.364 -14.444 -14.747 
46548.0 -14.364 -14.444 -14.747 
47228.0 -14.364 -14.444 -14.747 
47918.0 -14.365 -14.444 -14.747 
48618.0 -14.365 -14.444 -14.748 
49329.0 -14.365 -14.444 -14.747 
50050.0 -14.365 -14.444 -14.747 
50781.0 -14.365 -14.444 -14.748 
51523.0 -14.365 -14.444 -14.748 
52276.0 -14.365 -14.444 -14.748 
53040.0 -14.365 -14.444 -14.748 
53816.0 -14.365 -14.445 -14.748 
54602.0 -14.365 -14.445 -14.747 
55400.0 -14.365 -14.445 -14.747 
56210.0 -14.365 -14.445 -14.748 
57031.0 -14.366 -14.445 -14.748 
57864.0 -14.366 -14.445 -14.748 
58710.0 -14.366 -14.445 -14.748 
59568.0 -14.366 -14.445 -14.748 
60439.0 -14.366 -14.445 -14.748 
61322.0 -14.366 -14.445 -14.748 
62218.0 -14.366 -14.445 -14.748 
63127.0 -14.366 -14.445 -14.748 
64050.0 -14.366 -14.445 -14.748 
64986.0 -14.366 -14.446 -14.748 
65936.0 -14.366 -14.446 -14.748 
66899.0 -14.367 -14.446 -14.748 
67877.0 -14.367 -14.446 -14.748 
68869.0 -14.367 -14.446 -14.748 
69875.0 -14.367 -14.446 -14.748 
70897.0 -14.367 -14.446 -14.748 
71933.0 -14.367 -14.446 -14.748 
72984.0 -14.367 -14.446 -14.748 
74050.0 -14.367 -14.446 -14.748 
75133.0 -14.367 -14.446 -14.748 
76231.0 -14.368 -14.447 -14.747 
77345.0 -14.368 -14.447 -14.748 
78475.0 -14.368 -14.447 -14.748 
79622.0 -14.368 -14.447 -14.748 
80785.0 -14.368 -14.447 -14.748 
81966.0 -14.368 -14.447 -14.748 
83164.0 -14.368 -14.447 -14.748 
84379.0 -14.368 -14.447 -14.748 
85612.0 -14.369 -14.447 -14.748 
86864.0 -14.369 -14.447 -14.748 
88133.0 -14.369 -14.447 -14.748 
89421.0 -14.369 -14.447 -14.748 
90728.0 -14.369 -14.448 -14.748 
92054.0 -14.369 -14.448 -14.749 
93399.0 -14.369 -14.448 -14.749 
94764.0 -14.37 -14.448 -14.749 
96149.0 -14.37 -14.448 -14.749 
97554.0 -14.37 -14.448 -14.749 
98980.0 -14.37 -14.448 -14.75 
100430.0 -14.37 -14.448 -14.75 
101890.0 -14.37 -14.449 -14.75 
103380.0 -14.371 -14.449 -14.75 
104890.0 -14.371 -14.449 -14.75 
106430.0 -14.371 -14.449 -14.751 
107980.0 -14.371 -14.45 -14.751 
109560.0 -14.371 -14.45 -14.751 
111160.0 -14.371 -14.45 -14.751 
112790.0 -14.372 -14.45 -14.751 
114430.0 -14.372 -14.45 -14.751 
116110.0 -14.372 -14.45 -14.752 
117800.0 -14.372 -14.45 -14.752 
119520.0 -14.372 -14.451 -14.752 
121270.0 -14.372 -14.451 -14.752 
123040.0 -14.373 -14.451 -14.752 
124840.0 -14.373 -14.451 -14.752 
126670.0 -14.373 -14.451 -14.752 
128520.0 -14.373 -14.451 -14.752 
130400.0 -14.373 -14.452 -14.753 
132300.0 -14.374 -14.452 -14.753 
134240.0 -14.374 -14.452 -14.753 
136200.0 -14.374 -14.452 -14.754 
138190.0 -14.374 -14.452 -14.755 
140210.0 -14.375 -14.452 -14.755 
142260.0 -14.375 -14.453 -14.756 
144330.0 -14.375 -14.452 -14.756 
146440.0 -14.375 -14.453 -14.756 
148580.0 -14.375 -14.453 -14.757 
150760.0 -14.376 -14.453 -14.757 
152960.0 -14.376 -14.453 -14.757 
155190.0 -14.376 -14.453 -14.758 
157460.0 -14.376 -14.454 -14.758 
159760.0 -14.377 -14.454 -14.758 
162100.0 -14.377 -14.454 -14.758 
164470.0 -14.377 -14.454 -14.758 
166870.0 -14.377 -14.455 -14.758 
169310.0 -14.378 -14.455 -14.759 
171780.0 -14.378 -14.455 -14.759 
174290.0 -14.378 -14.455 -14.759 
176840.0 -14.378 -14.456 -14.759 
179430.0 -14.379 -14.456 -14.759 
182050.0 -14.379 -14.456 -14.76 
184710.0 -14.379 -14.456 -14.76 
187410.0 -14.38 -14.457 -14.76 
190150.0 -14.38 -14.457 -14.76 
192930.0 -14.38 -14.457 -14.761 
195740.0 -14.38 -14.457 -14.761 
198610.0 -14.381 -14.458 -14.761 
201510.0 -14.381 -14.458 -14.761 
204450.0 -14.381 -14.458 -14.761 
207440.0 -14.382 -14.458 -14.761 
210470.0 -14.382 -14.459 -14.761 
213550.0 -14.382 -14.459 -14.76 
216670.0 -14.383 -14.459 -14.76 
219840.0 -14.383 -14.46 -14.759 
223050.0 -14.383 -14.46 -14.759 
226310.0 -14.384 -14.46 -14.759 
229610.0 -14.384 -14.461 -14.759 
232970.0 -14.385 -14.461 -14.758 
236380.0 -14.385 -14.461 -14.758 
239830.0 -14.385 -14.462 -14.758 
243330.0 -14.386 -14.462 -14.758 
246890.0 -14.386 -14.462 -14.758 
250500.0 -14.386 -14.463 -14.758 
254160.0 -14.387 -14.463 -14.758 
257870.0 -14.387 -14.463 -14.758 
261640.0 -14.388 -14.464 -14.758 
265470.0 -14.388 -14.464 -14.758 
269350.0 -14.388 -14.464 -14.758 
273280.0 -14.389 -14.465 -14.758 
277280.0 -14.389 -14.465 -14.758 
281330.0 -14.39 -14.465 -14.758 
285440.0 -14.39 -14.466 -14.757 
289610.0 -14.391 -14.466 -14.758 
293840.0 -14.391 -14.467 -14.758 
298140.0 -14.392 -14.467 -14.758 
302490.0 -14.392 -14.468 -14.758 
306920.0 -14.393 -14.468 -14.762 
311400.0 -14.393 -14.468 -14.763 
315950.0 -14.394 -14.469 -14.763 
320570.0 -14.394 -14.469 -14.764 
325250.0 -14.395 -14.47 -14.765 
330010.0 -14.395 -14.47 -14.766 
334830.0 -14.396 -14.471 -14.768 
339720.0 -14.396 -14.471 -14.77 
344690.0 -14.397 -14.472 -14.771 
349730.0 -14.397 -14.472 -14.772 
354840.0 -14.398 -14.473 -14.773 
360020.0 -14.398 -14.473 -14.774 
365280.0 -14.399 -14.474 -14.775 
370620.0 -14.4 -14.474 -14.775 
376040.0 -14.4 -14.475 -14.776 
381530.0 -14.401 -14.475 -14.777 
387110.0 -14.401 -14.475 -14.778 
392770.0 -14.402 -14.476 -14.778 
398510.0 -14.403 -14.477 -14.779 
404330.0 -14.403 -14.477 -14.779 
410240.0 -14.404 -14.478 -14.78 
416230.0 -14.405 -14.478 -14.781 
422320.0 -14.405 -14.479 -14.782 
428490.0 -14.406 -14.479 -14.782 
434750.0 -14.407 -14.48 -14.782 
441100.0 -14.407 -14.481 -14.783 
447550.0 -14.408 -14.481 -14.783 
454090.0 -14.409 -14.482 -14.785 
460730.0 -14.41 -14.483 -14.785 
467460.0 -14.41 -14.483 -14.786 
474290.0 -14.411 -14.484 -14.786 
481220.0 -14.412 -14.485 -14.786 
488260.0 -14.413 -14.485 -14.787 
495390.0 -14.414 -14.486 -14.788 
502630.0 -14.415 -14.487 -14.786 
509980.0 -14.416 -14.487 -14.783 
517430.0 -14.416 -14.488 -14.782 
524990.0 -14.417 -14.489 -14.783 
532660.0 -14.418 -14.49 -14.784 
540450.0 -14.419 -14.49 -14.785 
548350.0 -14.42 -14.491 -14.787 
556360.0 -14.421 -14.492 -14.788 
564490.0 -14.422 -14.493 -14.788 
572740.0 -14.423 -14.493 -14.789 
581110.0 -14.424 -14.494 -14.79 
589600.0 -14.425 -14.495 -14.791 
598220.0 -14.426 -14.496 -14.791 
606960.0 -14.427 -14.497 -14.792 
615830.0 -14.428 -14.498 -14.792 
624830.0 -14.429 -14.499 -14.793 
633960.0 -14.43 -14.5 -14.793 
643230.0 -14.431 -14.5 -14.794 
652630.0 -14.432 -14.501 -14.795 
662170.0 -14.433 -14.502 -14.796 
671840.0 -14.434 -14.503 -14.796 
681660.0 -14.435 -14.504 -14.797 
691620.0 -14.436 -14.505 -14.798 
701730.0 -14.438 -14.506 -14.799 
711990.0 -14.439 -14.507 -14.799 
722390.0 -14.44 -14.508 -14.8 
732950.0 -14.441 -14.509 -14.8 
743660.0 -14.442 -14.51 -14.801 
754530.0 -14.444 -14.511 -14.802 
765560.0 -14.445 -14.512 -14.802 
776740.0 -14.446 -14.513 -14.803 
788100.0 -14.447 -14.514 -14.804 
799610.0 -14.449 -14.515 -14.805 
811300.0 -14.45 -14.516 -14.803 
823150.0 -14.452 -14.517 -14.804 
835180.0 -14.453 -14.519 -14.807 
847390.0 -14.454 -14.52 -14.812 
859770.0 -14.456 -14.521 -14.816 
872340.0 -14.457 -14.522 -14.82 
885090.0 -14.459 -14.523 -14.822 
898020.0 -14.46 -14.524 -14.825 
911150.0 -14.462 -14.526 -14.827 
924460.0 -14.464 -14.527 -14.833 
937970.0 -14.465 -14.528 -14.834 
951680.0 -14.467 -14.53 -14.837 
965590.0 -14.468 -14.531 -14.836 
979700.0 -14.47 -14.532 -14.836 
994020.0 -14.472 -14.534 -14.839 
1008500.0 -14.473 -14.535 -14.84 
1023300.0 -14.475 -14.537 -14.843 
1038200.0 -14.477 -14.538 -14.844 
1053400.0 -14.479 -14.54 -14.85 
1068800.0 -14.481 -14.541 -14.853 
1084400.0 -14.483 -14.542 -14.855 
1100300.0 -14.485 -14.544 -14.856 
1116400.0 -14.487 -14.545 -14.858 
1132700.0 -14.489 -14.547 -14.857 
1149200.0 -14.491 -14.549 -14.859 
1166000.0 -14.493 -14.55 -14.861 
1183100.0 -14.495 -14.552 -14.87 
1200300.0 -14.497 -14.554 -14.875 
1217900.0 -14.499 -14.556 -14.882 
1235700.0 -14.501 -14.558 -14.884 
1253700.0 -14.504 -14.56 -14.891 
1272100.0 -14.506 -14.562 -14.896 
1290700.0 -14.508 -14.564 -14.9 
1309500.0 -14.511 -14.566 -14.903 
1328700.0 -14.513 -14.568 -14.908 
1348100.0 -14.515 -14.57 -14.907 
1367800.0 -14.518 -14.572 -14.912 
1387800.0 -14.52 -14.574 -14.916 
1408000.0 -14.523 -14.576 -14.923 
1428600.0 -14.526 -14.578 -14.929 
1449500.0 -14.528 -14.581 -14.937 
1470700.0 -14.531 -14.583 -14.946 
1492200.0 -14.534 -14.586 -14.958 
1514000.0 -14.537 -14.588 -14.966 
1536100.0 -14.54 -14.59 -14.972 
1558600.0 -14.543 -14.593 -14.982 
1581300.0 -14.546 -14.596 -14.989 
1604400.0 -14.549 -14.599 -14.998 
1627900.0 -14.552 -14.601 -15.004 
1651700.0 -14.555 -14.604 -15.014 
1675800.0 -14.558 -14.607 -15.022 
1700300.0 -14.561 -14.61 -15.032 
1725200.0 -14.565 -14.614 -15.041 
1750400.0 -14.568 -14.617 -15.049 
1775900.0 -14.572 -14.62 -15.057 
1801900.0 -14.575 -14.623 -15.064 
1828200.0 -14.579 -14.627 -15.075 
1855000.0 -14.582 -14.63 -15.081 
1882100.0 -14.586 -14.634 -15.088 
1909600.0 -14.59 -14.638 -15.096 
1937500.0 -14.593 -14.642 -15.101 
1965800.0 -14.597 -14.647 -15.11 
1994500.0 -14.601 -14.652 -15.119 
2023700.0 -14.605 -14.657 -15.133 
2053200.0 -14.61 -14.657 -15.137 
2083200.0 -14.614 -14.669 -15.136 
2113700.0 -14.618 -14.674 -15.146 
2144600.0 -14.623 -14.679 -15.15 
2175900.0 -14.627 -14.684 -15.157 
2207700.0 -14.632 -14.689 -15.169 
2240000.0 -14.637 -14.695 -15.176 
2272700.0 -14.642 -14.701 -15.189 
2305900.0 -14.648 -14.707 -15.198 
2339600.0 -14.654 -14.712 -15.203 
2373800.0 -14.659 -14.718 -15.208 
2408500.0 -14.666 -14.725 -15.213 
2443700.0 -14.673 -14.731 -15.219 
2479400.0 -14.68 -14.739 -15.225 
2515700.0 -14.685 -14.744 -15.23 
2552400.0 -14.692 -14.751 -15.229 
2589700.0 -14.7 -14.758 -15.22 
2627600.0 -14.708 -14.766 -15.21 
2666000.0 -14.717 -14.772 -15.202 
2704900.0 -14.726 -14.781 -15.196 
2744500.0 -14.736 -14.79 -15.19 
2784600.0 -14.747 -14.801 -15.185 
2825300.0 -14.76 -14.81 -15.183 
2866600.0 -14.778 -14.823 -15.181 
2908500.0 -14.836 -14.832 -15.178 
2951000.0 -14.878 -14.845 -15.176 
2994100.0 -14.881 -14.861 -15.175 
3037800.0 -14.877 -14.878 -15.175 
3082200.0 -15.108 -14.895 -15.175 
3127300.0 -15.025 -14.993 -15.171 
3173000.0 -14.985 -14.941 -15.165 
3219400.0 -14.974 -14.926 -15.156 
3266400.0 -14.972 -14.925 -15.146 
3314100.0 -14.94 -14.91 -15.132 
3362600.0 -14.912 -14.898 -15.115 
3411700.0 -14.891 -14.885 -15.095 
3461600.0 -14.874 -14.875 -15.072 
3512200.0 -14.863 -14.873 -15.042 
3563500.0 -14.849 -14.885 -15.004 
3615600.0 -14.859 -14.886 -14.969 
3668400.0 -14.884 -14.807 -14.919 
3722000.0 -14.933 -14.766 -14.885 
3776400.0 -15.008 -14.791 -14.857 
3831600.0 -15.079 -14.769 -14.833 
3887600.0 -15.151 -14.748 -14.814 
3944400.0 -15.229 -14.727 -14.796 
4002100.0 -15.287 -14.707 -14.779 
4060500.0 -15.268 -14.69 -14.768 
4119900.0 -15.183 -14.68 -14.758 
4180100.0 -15.113 -14.661 -14.747 
4241200.0 -15.094 -14.648 -14.737 
4303200.0 -15.08 -14.631 -14.731 
4366000.0 -15.064 -14.62 -14.727 
4429800.0 -15.041 -14.606 -14.725 
4494600.0 -15.007 -14.597 -14.722 
4560300.0 -14.963 -14.591 -14.72 
4626900.0 -14.911 -14.589 -14.722 
4694500.0 -14.857 -14.595 -14.724 
4763100.0 -14.802 -14.606 -14.725 
4832800.0 -14.745 -14.621 -14.731 
4903400.0 -14.688 -14.638 -14.739 
4975000.0 -14.633 -14.67 -14.746 
5047700.0 -14.58 -14.703 -14.752 
5121500.0 -14.529 -14.73 -14.808 
5196400.0 -14.483 -14.75 -14.825 
5272300.0 -14.438 -14.766 -14.839 
5349400.0 -14.391 -14.783 -14.856 
5427500.0 -14.347 -14.795 -14.876 
5506800.0 -14.313 -14.808 -14.9 
5587300.0 -14.282 -14.823 -14.928 
5669000.0 -14.254 -14.836 -14.963 
5751800.0 -14.226 -14.846 -15.005 
5835900.0 -14.199 -14.852 -15.054 
5921200.0 -14.173 -14.866 -15.114 
6007700.0 -14.144 -14.882 -15.184 
6095500.0 -14.12 -14.92 -15.256 
6184600.0 -14.094 -14.96 -15.333 
6275000.0 -14.069 -15.013 -15.394 
6366700.0 -14.043 -15.045 -15.427 
6459700.0 -14.02 -15.015 -15.402 
6554100.0 -13.994 -14.949 -15.333 
6649900.0 -13.97 -14.902 -15.155 
6747100.0 -13.948 -14.876 -14.907 
6845700.0 -13.924 -14.847 -14.578 
6945700.0 -13.901 -14.819 -14.171 
7047200.0 -13.88 -14.792 -14.01 
7150200.0 -13.861 -14.763 -13.969 
7254700.0 -13.841 -14.735 -13.935 
7360700.0 -13.822 -14.705 -13.901 
7468300.0 -13.803 -14.674 -13.871 
7577500.0 -13.784 -14.645 -13.845 
7688200.0 -13.766 -14.612 -13.805 
7800500.0 -13.748 -14.58 -13.78 
7914500.0 -13.73 -14.551 -13.748 
8030200.0 -13.711 -14.518 -13.727 
8147600.0 -13.693 -14.486 -13.702 
8266600.0 -13.674 -14.453 -13.677 
8387400.0 -13.657 -14.421 -13.655 
8510000.0 -13.64 -14.388 -13.635 
8634400.0 -13.621 -14.355 -13.611 
8760600.0 -13.604 -14.323 -13.592 
8888600.0 -13.588 -14.29 -13.572 
9018500.0 -13.57 -14.256 -13.556 
9150300.0 -13.554 -14.221 -13.536 
9284000.0 -13.537 -14.19 -13.521 
9419700.0 -13.521 -14.156 -13.503 
9557400.0 -13.503 -14.122 -13.487 
9697000.0 -13.486 -14.088 -13.47 
9838800.0 -13.47 -14.055 -13.454 
9982500.0 -13.453 -14.023 -13.438 
10128000.0 -13.442 -13.998 -13.421 
10276000.0 -13.431 -13.978 -13.405 
10427000.0 -13.424 -13.959 -13.388 
10579000.0 -13.419 -13.941 -13.371 
10734000.0 -13.418 -13.923 -13.355 
10890000.0 -13.417 -13.904 -13.338 
11050000.0 -13.418 -13.886 -13.322 
11211000.0 -13.42 -13.868 -13.307 
11375000.0 -13.421 -13.85 -13.291 
11541000.0 -13.422 -13.832 -13.277 
11710000.0 -13.424 -13.814 -13.261 
11881000.0 -13.425 -13.797 -13.247 
12055000.0 -13.427 -13.779 -13.231 
12231000.0 -13.428 -13.762 -13.216 
12410000.0 -13.429 -13.745 -13.202 
12591000.0 -13.429 -13.728 -13.188 
12775000.0 -13.426 -13.712 -13.173 
12962000.0 -13.421 -13.695 -13.159 
13151000.0 -13.416 -13.679 -13.145 
13343000.0 -13.409 -13.662 -13.131 
13538000.0 -13.402 -13.646 -13.117 
13736000.0 -13.393 -13.63 -13.105 
13937000.0 -13.384 -13.614 -13.093 
14140000.0 -13.375 -13.6 -13.08 
14347000.0 -13.364 -13.587 -13.069 
14557000.0 -13.352 -13.573 -13.057 
14770000.0 -13.342 -13.563 -13.045 
14985000.0 -13.33 -13.555 -13.032 
15204000.0 -13.315 -13.544 -13.02 
15427000.0 -13.3 -13.534 -13.007 
15652000.0 -13.284 -13.523 -12.994 
15881000.0 -13.27 -13.513 -12.984 
16113000.0 -13.256 -13.503 -12.971 
16348000.0 -13.242 -13.492 -12.959 
16587000.0 -13.229 -13.482 -12.946 
16830000.0 -13.216 -13.472 -12.934 
17076000.0 -13.203 -13.463 -12.921 
17325000.0 -13.19 -13.451 -12.907 
17578000.0 -13.177 -13.441 -12.893 
17835000.0 -13.166 -13.431 -12.884 
18096000.0 -13.154 -13.421 -12.871 
18360000.0 -13.142 -13.41 -12.858 
18629000.0 -13.132 -13.399 -12.843 
18901000.0 -13.121 -13.389 -12.831 
19177000.0 -13.109 -13.379 -12.818 
19457000.0 -13.1 -13.367 -12.802 
19742000.0 -13.09 -13.356 -12.788 
20030000.0 -13.08 -13.346 -12.774 
20323000.0 -13.069 -13.335 -12.759 
20620000.0 -13.06 -13.324 -12.744 
20921000.0 -13.048 -13.312 -12.728 
21227000.0 -13.038 -13.301 -12.712 
21537000.0 -13.03 -13.29 -12.697 
21852000.0 -13.019 -13.277 -12.681 
22171000.0 -13.012 -13.265 -12.668 
22495000.0 -13.002 -13.254 -12.654 
22824000.0 -12.993 -13.245 -12.639 
23158000.0 -12.984 -13.234 -12.625 
23496000.0 -12.976 -13.222 -12.618 
23839000.0 -12.966 -13.213 -12.61 
24188000.0 -12.956 -13.202 -12.602 
24541000.0 -12.95 -13.191 -12.595 
24900000.0 -12.942 -13.18 -12.587 
25264000.0 -12.934 -13.169 -12.579 
25633000.0 -12.923 -13.157 -12.572 
26008000.0 -12.916 -13.147 -12.566 
26388000.0 -12.908 -13.134 -12.559 
26773000.0 -12.9 -13.124 -12.552 
27165000.0 -12.892 -13.113 -12.546 
27562000.0 -12.887 -13.101 -12.538 
27964000.0 -12.877 -13.089 -12.53 
28373000.0 -12.872 -13.079 -12.527 
28788000.0 -12.865 -13.068 -12.521 
29209000.0 -12.858 -13.056 -12.515 
29635000.0 -12.849 -13.045 -12.508 
30068000.0 -12.841 -13.034 -12.503 
30508000.0 -12.834 -13.023 -12.498 
30954000.0 -12.827 -13.012 -12.493 
31406000.0 -12.823 -13.002 -12.488 
31865000.0 -12.815 -12.991 -12.481 
32331000.0 -12.81 -12.98 -12.477 
32803000.0 -12.805 -12.967 -12.472 
33283000.0 -12.802 -12.954 -12.467 
33769000.0 -12.795 -12.943 -12.463 
34263000.0 -12.79 -12.929 -12.457 
34763000.0 -12.783 -12.917 -12.453 
35271000.0 -12.776 -12.906 -12.449 
35787000.0 -12.768 -12.895 -12.445 
36310000.0 -12.757 -12.883 -12.441 
36840000.0 -12.749 -12.872 -12.437 
37379000.0 -12.741 -12.861 -12.433 
37925000.0 -12.732 -12.852 -12.429 
38479000.0 -12.723 -12.841 -12.427 
39042000.0 -12.715 -12.831 -12.423 
39612000.0 -12.705 -12.82 -12.42 
40191000.0 -12.699 -12.811 -12.417 
40778000.0 -12.687 -12.801 -12.415 
41374000.0 -12.681 -12.792 -12.412 
41979000.0 -12.669 -12.782 -12.41 
42593000.0 -12.662 -12.772 -12.408 
43215000.0 -12.653 -12.762 -12.406 
43847000.0 -12.642 -12.752 -12.405 
44487000.0 -12.632 -12.743 -12.404 
45137000.0 -12.62 -12.734 -12.403 
45797000.0 -12.611 -12.725 -12.403 
46466000.0 -12.6 -12.716 -12.403 
47145000.0 -12.593 -12.706 -12.404 
47834000.0 -12.579 -12.698 -12.407 
48534000.0 -12.569 -12.688 -12.41 
49243000.0 -12.558 -12.679 -12.415 
49962000.0 -12.547 -12.672 -12.42 
50693000.0 -12.538 -12.663 -12.425 
51433000.0 -12.529 -12.655 -12.429 
52185000.0 -12.52 -12.646 -12.422 
52948000.0 -12.511 -12.638 -12.418 
53722000.0 -12.503 -12.63 -12.413 
54507000.0 -12.495 -12.623 -12.407 
55303000.0 -12.486 -12.617 -12.402 
56111000.0 -12.477 -12.61 -12.394 
56931000.0 -12.469 -12.602 -12.39 
57763000.0 -12.46 -12.592 -12.382 
58608000.0 -12.451 -12.583 -12.375 
59464000.0 -12.442 -12.574 -12.368 
60333000.0 -12.435 -12.564 -12.361 
61215000.0 -12.427 -12.555 -12.353 
62109000.0 -12.418 -12.546 -12.346 
63017000.0 -12.41 -12.537 -12.337 
63938000.0 -12.402 -12.528 -12.328 
64872000.0 -12.394 -12.519 -12.319 
65821000.0 -12.386 -12.51 -12.31 
66782000.0 -12.377 -12.501 -12.299 
67758000.0 -12.367 -12.492 -12.286 
68749000.0 -12.358 -12.483 -12.274 
69753000.0 -12.349 -12.473 -12.26 
70773000.0 -12.339 -12.463 -12.245 
71807000.0 -12.33 -12.454 -12.23 
72856000.0 -12.323 -12.444 -12.215 
73921000.0 -12.316 -12.434 -12.203 
75001000.0 -12.308 -12.424 -12.194 
76098000.0 -12.302 -12.413 -12.185 
77210000.0 -12.296 -12.402 -12.175 
78338000.0 -12.29 -12.392 -12.165 
79483000.0 -12.284 -12.382 -12.157 
80644000.0 -12.281 -12.372 -12.146 
81823000.0 -12.272 -12.363 -12.137 
83019000.0 -12.269 -12.353 -12.128 
84232000.0 -12.264 -12.344 -12.118 
85463000.0 -12.257 -12.335 -12.109 
86712000.0 -12.252 -12.325 -12.099 
87979000.0 -12.249 -12.315 -12.089 
89265000.0 -12.245 -12.306 -12.08 
90569000.0 -12.241 -12.296 -12.07 
91893000.0 -12.238 -12.287 -12.06 
93236000.0 -12.234 -12.277 -12.051 
94599000.0 -12.231 -12.268 -12.042 
95981000.0 -12.228 -12.258 -12.033 
97384000.0 -12.228 -12.25 -12.023 
98807000.0 -12.227 -12.239 -12.014 
100250000.0 -12.225 -12.23 -12.003 
101720000.0 -12.225 -12.221 -11.994 
103200000.0 -12.226 -12.212 -11.985 
104710000.0 -12.221 -12.202 -11.975 
106240000.0 -12.217 -12.195 -11.965 
107790000.0 -12.212 -12.186 -11.955 
109370000.0 -12.208 -12.177 -11.946 
110970000.0 -12.202 -12.169 -11.936 
112590000.0 -12.198 -12.162 -11.927 
114230000.0 -12.193 -12.154 -11.916 
115900000.0 -12.187 -12.146 -11.907 
117600000.0 -12.183 -12.136 -11.896 
119320000.0 -12.178 -12.126 -11.885 
121060000.0 -12.172 -12.115 -11.874 
122830000.0 -12.166 -12.104 -11.863 
124620000.0 -12.16 -12.094 -11.852 
126450000.0 -12.153 -12.083 -11.84 
128290000.0 -12.145 -12.072 -11.829 
130170000.0 -12.138 -12.061 -11.817 
132070000.0 -12.131 -12.049 -11.805 
134000000.0 -12.123 -12.038 -11.794 
135960000.0 -12.116 -12.027 -11.783 
137950000.0 -12.108 -12.016 -11.771 
139960000.0 -12.1 -12.004 -11.759 
142010000.0 -12.096 -11.991 -11.747 
144080000.0 -12.089 -11.98 -11.735 
146190000.0 -12.078 -11.966 -11.721 
148320000.0 -12.075 -11.955 -11.709 
150490000.0 -12.064 -11.943 -11.695 
152690000.0 -12.06 -11.931 -11.684 
154920000.0 -12.048 -11.919 -11.671 
157190000.0 -12.044 -11.908 -11.661 
159480000.0 -12.035 -11.896 -11.65 
161810000.0 -12.029 -11.885 -11.639 
164180000.0 -12.017 -11.873 -11.629 
166580000.0 -12.01 -11.861 -11.622 
169010000.0 -12.002 -11.85 -11.615 
171480000.0 -11.997 -11.838 -11.607 
173990000.0 -11.985 -11.828 -11.6 
176530000.0 -11.979 -11.815 -11.594 
179110000.0 -11.967 -11.804 -11.586 
181730000.0 -11.958 -11.792 -11.578 
184390000.0 -11.949 -11.78 -11.569 
187080000.0 -11.937 -11.767 -11.562 
189810000.0 -11.929 -11.754 -11.553 
192590000.0 -11.917 -11.743 -11.545 
195400000.0 -11.909 -11.73 -11.535 
198260000.0 -11.898 -11.717 -11.526 
201160000.0 -11.888 -11.704 -11.517 
204100000.0 -11.876 -11.691 -11.508 
207080000.0 -11.863 -11.678 -11.499 
210100000.0 -11.853 -11.665 -11.489 
213180000.0 -11.841 -11.653 -11.48 
216290000.0 -11.829 -11.639 -11.47 
219450000.0 -11.825 -11.627 -11.461 
222660000.0 -11.819 -11.613 -11.451 
225910000.0 -11.816 -11.601 -11.442 
229210000.0 -11.811 -11.585 -11.432 
232560000.0 -11.807 -11.57 -11.421 
235960000.0 -11.803 -11.557 -11.411 
239410000.0 -11.799 -11.543 -11.402 
242910000.0 -11.796 -11.529 -11.391 
246460000.0 -11.793 -11.515 -11.382 
250060000.0 -11.791 -11.503 -11.371 
253720000.0 -11.788 -11.49 -11.36 
257420000.0 -11.788 -11.477 -11.35 
261190000.0 -11.787 -11.464 -11.339 
265000000.0 -11.786 -11.455 -11.328 
268880000.0 -11.786 -11.446 -11.317 
272800000.0 -11.787 -11.438 -11.306 
276790000.0 -11.788 -11.429 -11.295 
280840000.0 -11.79 -11.418 -11.283 
284940000.0 -11.793 -11.41 -11.272 
289110000.0 -11.786 -11.401 -11.261 
293330000.0 -11.79 -11.391 -11.25 
297620000.0 -11.795 -11.382 -11.238 
301970000.0 -11.798 -11.373 -11.226 
306380000.0 -11.792 -11.363 -11.215 
310860000.0 -11.778 -11.353 -11.203 
315400000.0 -11.764 -11.343 -11.191 
320010000.0 -11.751 -11.333 -11.18 
324690000.0 -11.737 -11.322 -11.168 
329430000.0 -11.724 -11.312 -11.156 
334250000.0 -11.712 -11.302 -11.144 
339130000.0 -11.701 -11.292 -11.132 
344090000.0 -11.689 -11.281 -11.12 
349110000.0 -11.679 -11.271 -11.108 
354220000.0 -11.667 -11.262 -11.096 
359390000.0 -11.656 -11.252 -11.084 
364650000.0 -11.648 -11.242 -11.072 
369970000.0 -11.639 -11.232 -11.06 
375380000.0 -11.629 -11.223 -11.048 
380870000.0 -11.622 -11.213 -11.036 
386430000.0 -11.613 -11.204 -11.024 
392080000.0 -11.604 -11.194 -11.012 
397810000.0 -11.597 -11.185 -11.0 
403620000.0 -11.588 -11.175 -10.989 
409520000.0 -11.579 -11.167 -10.976 
415510000.0 -11.573 -11.159 -10.965 
421580000.0 -11.566 -11.15 -10.952 
427740000.0 -11.559 -11.141 -10.94 
433990000.0 -11.554 -11.134 -10.929 
440330000.0 -11.547 -11.125 -10.916 
446770000.0 -11.541 -11.117 -10.904 
453300000.0 -11.535 -11.108 -10.892 
459920000.0 -11.53 -11.1 -10.88 
466640000.0 -11.521 -11.092 -10.868 
473460000.0 -11.506 -11.084 -10.856 
480380000.0 -11.489 -11.075 -10.843 
487400000.0 -11.472 -11.067 -10.831 
494530000.0 -11.455 -11.059 -10.818 
501750000.0 -11.439 -11.049 -10.805 
509090000.0 -11.42 -11.039 -10.793 
516530000.0 -11.403 -11.031 -10.781 
524080000.0 -11.385 -11.023 -10.768 
531730000.0 -11.366 -11.016 -10.754 
539510000.0 -11.347 -11.008 -10.741 
547390000.0 -11.329 -11.002 -10.729 
555390000.0 -11.311 -10.996 -10.715 
563510000.0 -11.292 -10.989 -10.703 
571740000.0 -11.273 -10.982 -10.689 
580100000.0 -11.251 -10.976 -10.676 
588570000.0 -11.232 -10.97 -10.662 
597180000.0 -11.21 -10.964 -10.648 
605900000.0 -11.189 -10.958 -10.636 
614760000.0 -11.166 -10.952 -10.622 
623740000.0 -11.145 -10.947 -10.607 
632860000.0 -11.123 -10.94 -10.594 
642110000.0 -11.097 -10.935 -10.58 
651490000.0 -11.079 -10.929 -10.566 
661010000.0 -11.063 -10.923 -10.551 
670670000.0 -11.047 -10.918 -10.538 
680470000.0 -11.032 -10.913 -10.524 
690420000.0 -11.018 -10.911 -10.51 
700510000.0 -11.003 -10.903 -10.497 
710740000.0 -10.989 -10.893 -10.484 
721130000.0 -10.976 -10.881 -10.47 
731670000.0 -10.962 -10.87 -10.455 
742360000.0 -10.949 -10.859 -10.441 
753210000.0 -10.936 -10.848 -10.428 
764220000.0 -10.924 -10.836 -10.414 
775390000.0 -10.911 -10.825 -10.4 
786720000.0 -10.899 -10.811 -10.386 
798220000.0 -10.889 -10.8 -10.372 
809880000.0 -10.877 -10.785 -10.358 
821720000.0 -10.867 -10.773 -10.343 
833730000.0 -10.86 -10.76 -10.329 
845910000.0 -10.848 -10.748 -10.315 
858270000.0 -10.837 -10.735 -10.301 
870820000.0 -10.825 -10.721 -10.286 
883540000.0 -10.813 -10.707 -10.272 
896450000.0 -10.802 -10.693 -10.258 
909550000.0 -10.792 -10.68 -10.243 
922850000.0 -10.781 -10.665 -10.229 
936330000.0 -10.772 -10.651 -10.214 
950020000.0 -10.764 -10.636 -10.2 
963900000.0 -10.751 -10.62 -10.185 
977990000.0 -10.743 -10.602 -10.171 
992280000.0 -10.734 -10.587 -10.157 
1006800000.0 -10.726 -10.572 -10.142 
1021500000.0 -10.719 -10.557 -10.128 
1036400000.0 -10.712 -10.542 -10.114 
1051600000.0 -10.707 -10.527 -10.1 
1066900000.0 -10.702 -10.512 -10.086 
1082500000.0 -10.696 -10.497 -10.073 
1098400000.0 -10.694 -10.487 -10.059 
1114400000.0 -10.696 -10.478 -10.046 
1130700000.0 -10.708 -10.469 -10.032 
1147200000.0 -10.707 -10.461 -10.019 
1164000000.0 -10.707 -10.455 -10.005 
1181000000.0 -10.707 -10.451 -9.993 
1198200000.0 -10.708 -10.447 -9.984 
1215800000.0 -10.709 -10.451 -9.975 
1233500000.0 -10.71 -10.45 -9.966 
1251600000.0 -10.711 -10.462 -9.959 
1269800000.0 -10.712 -10.467 -9.952 
1288400000.0 -10.699 -10.472 -9.946 
1307200000.0 -10.699 -10.478 -9.94 
1326300000.0 -10.701 -10.478 -9.937 
1345700000.0 -10.691 -10.48 -9.934 
1365400000.0 -10.678 -10.484 -9.93 
1385300000.0 -10.663 -10.489 -9.93 
1405600000.0 -10.644 -10.515 -9.922 
1426100000.0 -10.621 -10.587 -9.916 
1447000000.0 -10.568 -10.76 -9.912 
1468100000.0 -10.524 -10.306 -9.905 
1489600000.0 -10.5 -10.254 -9.901 
1511300000.0 -10.479 -10.21 -9.913 
1533400000.0 -10.46 -10.167 -9.9 
1555800000.0 -10.442 -10.14 -9.884 
1578600000.0 -10.426 -10.115 -9.864 
1601600000.0 -10.412 -10.094 -9.828 
1625000000.0 -10.403 -10.074 -9.722 
1648800000.0 -10.391 -10.059 -9.689 
1672900000.0 -10.382 -10.072 -9.662 
1697300000.0 -10.378 -10.052 -9.635 
1722100000.0 -10.374 -10.032 -9.613 
1747300000.0 -10.39 -10.013 -9.589 
1772800000.0 -10.384 -9.994 -9.567 
1798800000.0 -10.377 -9.975 -9.549 
1825000000.0 -10.37 -9.957 -9.537 
1851700000.0 -10.362 -9.937 -9.517 
1878800000.0 -10.353 -9.92 -9.498 
1906200000.0 -10.347 -9.903 -9.478 
1934100000.0 -10.339 -9.886 -9.46 
1962400000.0 -10.33 -9.87 -9.442 
1991000000.0 -10.319 -9.853 -9.424 
2020100000.0 -10.302 -9.835 -9.407 
2049700000.0 -10.288 -9.819 -9.39 
2079600000.0 -10.27 -9.801 -9.373 
2110000000.0 -10.251 -9.785 -9.358 
2140800000.0 -10.234 -9.767 -9.343 
2172100000.0 -10.222 -9.75 -9.327 
2203900000.0 -10.208 -9.734 -9.311 
2236100000.0 -10.195 -9.719 -9.295 
2268800000.0 -10.181 -9.708 -9.28 
2301900000.0 -10.169 -9.695 -9.262 
2335500000.0 -10.155 -9.681 -9.245 
2369700000.0 -10.142 -9.668 -9.229 
2404300000.0 -10.128 -9.659 -9.214 
2439400000.0 -10.115 -9.645 -9.198 
2475100000.0 -10.101 -9.63 -9.182 
2511300000.0 -10.088 -9.617 -9.166 
2548000000.0 -10.07 -9.605 -9.073 
2585200000.0 -10.056 -9.593 -9.134 
2623000000.0 -10.042 -9.582 -9.118 
2661300000.0 -10.028 -9.571 -9.101 
2700200000.0 -10.016 -9.561 -9.086 
2739700000.0 -10.004 -9.551 -9.07 
2779700000.0 -9.991 -9.539 -9.054 
2820300000.0 -9.978 -9.52 -9.037 
2861600000.0 -9.965 -9.506 -9.022 
2903400000.0 -9.951 -9.488 -9.007 
2945800000.0 -9.939 -9.472 -8.994 
2988900000.0 -9.926 -9.457 -8.979 
3032500000.0 -9.912 -9.443 -8.966 
3076900000.0 -9.9 -9.428 -8.953 
3121800000.0 -9.886 -9.416 -8.939 
3167400000.0 -9.872 -9.401 -8.924 
3213700000.0 -9.859 -9.387 -8.911 
3260700000.0 -9.847 -9.374 -8.898 
3308300000.0 -9.837 -9.361 -8.885 
3356700000.0 -9.827 -9.348 -8.874 
3405800000.0 -9.817 -9.336 -8.862 
3455500000.0 -9.804 -9.319 -8.849 
3506000000.0 -9.788 -9.306 -8.838 
3557300000.0 -9.771 -9.295 -8.827 
3609200000.0 -9.756 -9.289 -8.815 
3662000000.0 -9.741 -9.283 -8.804 
3715500000.0 -9.726 -9.274 -8.79 
3769800000.0 -9.71 -9.266 -8.777 
3824900000.0 -9.695 -9.256 -8.763 
3880800000.0 -9.681 -9.245 -8.748 
3937500000.0 -9.668 -9.232 -8.736 
3995100000.0 -9.655 -9.221 -8.722 
4053400000.0 -9.641 -9.209 -8.711 
4112700000.0 -9.628 -9.197 -8.699 
4172800000.0 -9.615 -9.186 -8.687 
4233800000.0 -9.604 -9.174 -8.675 
4295600000.0 -9.592 -9.163 -8.662 
4358400000.0 -9.581 -9.15 -8.651 
4422100000.0 -9.57 -9.138 -8.637 
4486700000.0 -9.558 -9.126 -8.627 
4552300000.0 -9.545 -9.114 -8.619 
4618800000.0 -9.534 -9.099 -8.609 
4686300000.0 -9.524 -9.084 -8.6 
4754800000.0 -9.51 -9.062 -8.586 
4824300000.0 -9.499 -9.046 -8.572 
4894800000.0 -9.485 -9.03 -8.556 
4966300000.0 -9.475 -9.014 -8.541 
5038900000.0 -9.463 -8.999 -8.527 
5112600000.0 -9.449 -8.987 -8.512 
5187300000.0 -9.436 -8.97 -8.498 
5263100000.0 -9.425 -8.957 -8.484 
5340000000.0 -9.411 -8.941 -8.468 
5418000000.0 -9.399 -8.926 -8.454 
5497200000.0 -9.386 -8.911 -8.438 
5577600000.0 -9.375 -8.898 -8.423 
5659100000.0 -9.361 -8.882 -8.408 
5741800000.0 -9.348 -8.866 -8.392 
5825700000.0 -9.335 -8.852 -8.377 
5910800000.0 -9.324 -8.835 -8.362 
5997200000.0 -9.311 -8.82 -8.347 
6084900000.0 -9.297 -8.807 -8.332 
6173800000.0 -9.285 -8.788 -8.318 
6264000000.0 -9.273 -8.773 -8.303 
6355500000.0 -9.261 -8.757 -8.29 
6448400000.0 -9.249 -8.739 -8.28 
6542700000.0 -9.238 -8.722 -8.269 
6638300000.0 -9.229 -8.706 -8.256 
6735300000.0 -9.211 -8.69 -8.241 
6833700000.0 -9.201 -8.675 -8.228 
6933600000.0 -9.188 -8.66 -8.215 
7034900000.0 -9.177 -8.645 -8.201 
7137700000.0 -9.164 -8.629 -8.189 
7242000000.0 -9.153 -8.615 -8.175 
7347900000.0 -9.139 -8.6 -8.159 
7455300000.0 -9.128 -8.587 -8.146 
7564200000.0 -9.115 -8.573 -8.132 
7674800000.0 -9.103 -8.561 -8.119 
7786900000.0 -9.093 -8.546 -8.104 
7900700000.0 -9.084 -8.53 -8.089 
8016200000.0 -9.067 -8.518 -8.075 
8133300000.0 -9.055 -8.502 -8.06 
8252200000.0 -9.046 -8.489 -8.046 
8372800000.0 -9.029 -8.482 -8.032 
8495200000.0 -9.016 -8.466 -8.017 
8619300000.0 -9.003 -8.455 -8.004 
8745300000.0 -8.995 -8.437 -7.991 
8873100000.0 -8.967 -8.423 -7.978 
9002800000.0 -8.968 -8.41 -7.967 
9134300000.0 -8.956 -8.399 -7.954 
9267800000.0 -8.933 -8.388 -7.94 
9403300000.0 -8.93 -8.394 -7.927 
9540700000.0 -8.9 -8.392 -7.913 
9680100000.0 -8.887 -8.376 -7.9 
9821600000.0 -8.888 -8.372 -7.886 
9965100000.0 -8.874 -8.351 -7.873 
10111000000.0 -8.86 -8.348 -7.859 
10258000000.0 -8.847 -8.332 -7.844 
10408000000.0 -8.83 -8.328 -7.832 
10561000000.0 -8.816 -8.31 -7.818 
10715000000.0 -8.804 -8.295 -7.805 
10871000000.0 -8.79 -8.286 -7.791 
11030000000.0 -8.779 -8.273 -7.779 
11192000000.0 -8.764 -8.264 -7.767 
11355000000.0 -8.746 -8.25 -7.753 
11521000000.0 -8.733 -8.24 -7.74 
11689000000.0 -8.703 -8.229 -7.729 
11860000000.0 -8.708 -8.217 -7.716 
12034000000.0 -8.67 -8.208 -7.703 
12209000000.0 -8.679 -8.192 -7.691 
12388000000.0 -8.666 -8.182 -7.679 
12569000000.0 -8.659 -8.171 -7.663 
12753000000.0 -8.649 -8.159 -7.644 
12939000000.0 -8.598 -8.148 -7.628 
13128000000.0 -8.611 -8.136 -7.615 
13320000000.0 -8.607 -8.124 -7.6 
13515000000.0 -8.596 -8.112 -7.588 
13712000000.0 -8.572 -8.108 -7.575 
13912000000.0 -8.565 -8.087 -7.561 
14116000000.0 -8.554 -8.085 -7.548 
14322000000.0 -8.541 -8.066 -7.534 
14531000000.0 -8.528 -8.053 -7.52 
14744000000.0 -8.514 -8.037 -7.507 
14959000000.0 -8.462 -8.032 -7.493 
15178000000.0 -8.496 -8.016 -7.48 
15400000000.0 -8.477 -8.001 -7.466 
15625000000.0 -8.439 -7.991 -7.452 
15853000000.0 -8.447 -7.976 -7.44 
16085000000.0 -8.457 -7.967 -7.426 
16320000000.0 -8.429 -7.951 -7.414 
16558000000.0 -8.43 -7.941 -7.399 
16800000000.0 -8.421 -7.929 -7.386 
17046000000.0 -8.409 -7.923 -7.374 
17295000000.0 -8.404 -7.902 -7.36 
17548000000.0 -8.385 -7.886 -7.348 
17804000000.0 -8.375 -7.876 -7.333 
18064000000.0 -8.372 -7.858 -7.32 
18328000000.0 -8.307 -7.855 -7.309 
18596000000.0 -8.357 -7.841 -7.296 
18868000000.0 -8.328 -7.822 -7.284 
19144000000.0 -8.326 -7.803 -7.278 
19423000000.0 -8.31 -7.796 -7.279 
19707000000.0 -8.309 -7.793 -7.268 
19995000000.0 -8.303 -7.763 -7.255 
