#METAL 0.0004 0.008 0.05 
10000.0 -14.702 -14.715 -14.879 
10146.0 -14.702 -14.715 -14.879 
10294.0 -14.702 -14.715 -14.879 
10445.0 -14.703 -14.715 -14.879 
10598.0 -14.703 -14.715 -14.879 
10752.0 -14.703 -14.715 -14.879 
10910.0 -14.703 -14.715 -14.879 
11069.0 -14.703 -14.715 -14.879 
11231.0 -14.703 -14.715 -14.879 
11395.0 -14.703 -14.715 -14.879 
11561.0 -14.703 -14.715 -14.879 
11730.0 -14.703 -14.715 -14.879 
11902.0 -14.703 -14.715 -14.879 
12076.0 -14.703 -14.715 -14.879 
12252.0 -14.703 -14.715 -14.879 
12431.0 -14.703 -14.715 -14.879 
12613.0 -14.703 -14.715 -14.88 
12797.0 -14.703 -14.715 -14.88 
12984.0 -14.703 -14.715 -14.88 
13174.0 -14.703 -14.715 -14.88 
13367.0 -14.703 -14.715 -14.88 
13562.0 -14.703 -14.715 -14.88 
13760.0 -14.703 -14.715 -14.88 
13961.0 -14.703 -14.715 -14.881 
14165.0 -14.703 -14.715 -14.881 
14372.0 -14.703 -14.715 -14.881 
14582.0 -14.703 -14.715 -14.881 
14795.0 -14.703 -14.715 -14.881 
15012.0 -14.703 -14.715 -14.881 
15231.0 -14.703 -14.715 -14.881 
15454.0 -14.703 -14.715 -14.881 
15679.0 -14.703 -14.715 -14.881 
15909.0 -14.703 -14.715 -14.881 
16141.0 -14.703 -14.715 -14.881 
16377.0 -14.703 -14.715 -14.881 
16616.0 -14.703 -14.715 -14.882 
16859.0 -14.703 -14.715 -14.882 
17105.0 -14.703 -14.715 -14.882 
17355.0 -14.703 -14.715 -14.882 
17609.0 -14.703 -14.715 -14.882 
17866.0 -14.703 -14.715 -14.882 
18128.0 -14.703 -14.715 -14.882 
18392.0 -14.703 -14.715 -14.882 
18661.0 -14.703 -14.715 -14.882 
18934.0 -14.703 -14.716 -14.882 
19211.0 -14.703 -14.716 -14.882 
19491.0 -14.703 -14.716 -14.882 
19776.0 -14.703 -14.716 -14.882 
20065.0 -14.703 -14.716 -14.883 
20358.0 -14.704 -14.716 -14.883 
20656.0 -14.704 -14.716 -14.883 
20958.0 -14.704 -14.716 -14.883 
21264.0 -14.704 -14.716 -14.883 
21575.0 -14.704 -14.716 -14.883 
21890.0 -14.704 -14.716 -14.885 
22210.0 -14.704 -14.716 -14.885 
22535.0 -14.704 -14.716 -14.885 
22864.0 -14.704 -14.716 -14.885 
23198.0 -14.704 -14.716 -14.885 
23537.0 -14.704 -14.716 -14.885 
23881.0 -14.704 -14.716 -14.885 
24230.0 -14.704 -14.716 -14.885 
24584.0 -14.704 -14.716 -14.886 
24944.0 -14.704 -14.716 -14.886 
25308.0 -14.704 -14.716 -14.886 
25678.0 -14.704 -14.716 -14.885 
26053.0 -14.704 -14.716 -14.885 
26434.0 -14.704 -14.716 -14.885 
26820.0 -14.704 -14.716 -14.885 
27212.0 -14.704 -14.716 -14.886 
27610.0 -14.704 -14.716 -14.886 
28013.0 -14.704 -14.716 -14.886 
28423.0 -14.704 -14.716 -14.886 
28838.0 -14.704 -14.716 -14.886 
29260.0 -14.704 -14.716 -14.888 
29687.0 -14.705 -14.717 -14.888 
30121.0 -14.705 -14.717 -14.888 
30561.0 -14.705 -14.717 -14.888 
31008.0 -14.705 -14.717 -14.888 
31461.0 -14.705 -14.717 -14.889 
31921.0 -14.705 -14.717 -14.889 
32387.0 -14.705 -14.717 -14.889 
32861.0 -14.705 -14.717 -14.89 
33341.0 -14.705 -14.717 -14.89 
33828.0 -14.705 -14.717 -14.89 
34322.0 -14.705 -14.717 -14.89 
34824.0 -14.705 -14.717 -14.891 
35333.0 -14.705 -14.717 -14.891 
35849.0 -14.705 -14.717 -14.892 
36373.0 -14.705 -14.717 -14.893 
36905.0 -14.705 -14.717 -14.893 
37444.0 -14.705 -14.717 -14.893 
37991.0 -14.705 -14.717 -14.893 
38547.0 -14.705 -14.717 -14.894 
39110.0 -14.706 -14.717 -14.895 
39681.0 -14.706 -14.717 -14.896 
40261.0 -14.706 -14.718 -14.896 
40850.0 -14.706 -14.718 -14.896 
41447.0 -14.706 -14.718 -14.896 
42052.0 -14.706 -14.718 -14.896 
42667.0 -14.706 -14.718 -14.896 
43291.0 -14.706 -14.718 -14.896 
43923.0 -14.706 -14.718 -14.896 
44565.0 -14.706 -14.718 -14.896 
45216.0 -14.706 -14.718 -14.896 
45877.0 -14.706 -14.717 -14.896 
46548.0 -14.706 -14.717 -14.896 
47228.0 -14.706 -14.717 -14.896 
47918.0 -14.707 -14.717 -14.896 
48618.0 -14.707 -14.717 -14.897 
49329.0 -14.707 -14.717 -14.896 
50050.0 -14.707 -14.717 -14.896 
50781.0 -14.707 -14.717 -14.897 
51523.0 -14.707 -14.717 -14.897 
52276.0 -14.707 -14.717 -14.897 
53040.0 -14.707 -14.717 -14.897 
53816.0 -14.707 -14.718 -14.897 
54602.0 -14.707 -14.718 -14.896 
55400.0 -14.707 -14.718 -14.896 
56210.0 -14.707 -14.718 -14.897 
57031.0 -14.708 -14.718 -14.897 
57864.0 -14.708 -14.718 -14.897 
58710.0 -14.708 -14.718 -14.898 
59568.0 -14.708 -14.718 -14.897 
60439.0 -14.708 -14.718 -14.897 
61322.0 -14.708 -14.718 -14.897 
62218.0 -14.708 -14.718 -14.897 
63127.0 -14.708 -14.718 -14.897 
64050.0 -14.708 -14.718 -14.897 
64986.0 -14.708 -14.719 -14.897 
65936.0 -14.708 -14.719 -14.897 
66899.0 -14.709 -14.719 -14.897 
67877.0 -14.709 -14.719 -14.897 
68869.0 -14.709 -14.719 -14.897 
69875.0 -14.709 -14.719 -14.897 
70897.0 -14.709 -14.719 -14.897 
71933.0 -14.709 -14.719 -14.897 
72984.0 -14.709 -14.719 -14.897 
74050.0 -14.709 -14.719 -14.897 
75133.0 -14.709 -14.719 -14.896 
76231.0 -14.71 -14.72 -14.895 
77345.0 -14.71 -14.72 -14.896 
78475.0 -14.71 -14.72 -14.896 
79622.0 -14.71 -14.72 -14.896 
80785.0 -14.71 -14.72 -14.896 
81966.0 -14.71 -14.72 -14.896 
83164.0 -14.71 -14.72 -14.896 
84379.0 -14.71 -14.72 -14.896 
85612.0 -14.711 -14.72 -14.896 
86864.0 -14.711 -14.72 -14.896 
88133.0 -14.711 -14.72 -14.896 
89421.0 -14.711 -14.72 -14.896 
90728.0 -14.711 -14.721 -14.896 
92054.0 -14.711 -14.72 -14.897 
93399.0 -14.711 -14.72 -14.897 
94764.0 -14.712 -14.72 -14.897 
96149.0 -14.712 -14.72 -14.897 
97554.0 -14.712 -14.72 -14.897 
98980.0 -14.712 -14.72 -14.898 
100430.0 -14.712 -14.72 -14.898 
101890.0 -14.712 -14.721 -14.898 
103380.0 -14.713 -14.721 -14.899 
104890.0 -14.713 -14.721 -14.899 
106430.0 -14.713 -14.721 -14.9 
107980.0 -14.713 -14.722 -14.9 
109560.0 -14.713 -14.722 -14.9 
111160.0 -14.713 -14.722 -14.9 
112790.0 -14.714 -14.722 -14.9 
114430.0 -14.714 -14.722 -14.9 
116110.0 -14.714 -14.722 -14.901 
117800.0 -14.714 -14.722 -14.901 
119520.0 -14.714 -14.723 -14.901 
121270.0 -14.714 -14.723 -14.901 
123040.0 -14.715 -14.723 -14.901 
124840.0 -14.715 -14.723 -14.901 
126670.0 -14.715 -14.723 -14.901 
128520.0 -14.715 -14.723 -14.901 
130400.0 -14.715 -14.723 -14.902 
132300.0 -14.716 -14.723 -14.902 
134240.0 -14.716 -14.723 -14.902 
136200.0 -14.716 -14.723 -14.904 
138190.0 -14.716 -14.723 -14.905 
140210.0 -14.717 -14.723 -14.906 
142260.0 -14.717 -14.724 -14.907 
144330.0 -14.717 -14.722 -14.907 
146440.0 -14.717 -14.723 -14.907 
148580.0 -14.717 -14.723 -14.909 
150760.0 -14.718 -14.723 -14.909 
152960.0 -14.718 -14.723 -14.909 
155190.0 -14.718 -14.723 -14.91 
157460.0 -14.718 -14.724 -14.91 
159760.0 -14.719 -14.724 -14.91 
162100.0 -14.719 -14.724 -14.911 
164470.0 -14.719 -14.724 -14.91 
166870.0 -14.719 -14.725 -14.91 
169310.0 -14.72 -14.725 -14.911 
171780.0 -14.72 -14.725 -14.911 
174290.0 -14.72 -14.725 -14.911 
176840.0 -14.72 -14.725 -14.912 
179430.0 -14.721 -14.725 -14.912 
182050.0 -14.721 -14.725 -14.913 
184710.0 -14.721 -14.725 -14.913 
187410.0 -14.722 -14.726 -14.913 
190150.0 -14.722 -14.726 -14.913 
192930.0 -14.722 -14.726 -14.914 
195740.0 -14.722 -14.726 -14.914 
198610.0 -14.724 -14.727 -14.914 
201510.0 -14.724 -14.726 -14.914 
204450.0 -14.724 -14.726 -14.914 
207440.0 -14.725 -14.727 -14.915 
210470.0 -14.725 -14.728 -14.914 
213550.0 -14.725 -14.727 -14.908 
216670.0 -14.726 -14.728 -14.907 
219840.0 -14.726 -14.728 -14.903 
223050.0 -14.726 -14.728 -14.901 
226310.0 -14.727 -14.728 -14.9 
229610.0 -14.727 -14.729 -14.898 
232970.0 -14.728 -14.729 -14.895 
236380.0 -14.728 -14.729 -14.894 
239830.0 -14.728 -14.73 -14.893 
243330.0 -14.729 -14.73 -14.892 
246890.0 -14.729 -14.73 -14.89 
250500.0 -14.729 -14.731 -14.89 
254160.0 -14.73 -14.731 -14.889 
257870.0 -14.73 -14.731 -14.889 
261640.0 -14.731 -14.732 -14.888 
265470.0 -14.731 -14.732 -14.887 
269350.0 -14.731 -14.731 -14.887 
273280.0 -14.732 -14.731 -14.887 
277280.0 -14.732 -14.731 -14.886 
281330.0 -14.733 -14.731 -14.885 
285440.0 -14.733 -14.732 -14.884 
289610.0 -14.734 -14.732 -14.884 
293840.0 -14.734 -14.733 -14.884 
298140.0 -14.735 -14.733 -14.884 
302490.0 -14.735 -14.734 -14.883 
306920.0 -14.736 -14.734 -14.888 
311400.0 -14.736 -14.734 -14.889 
315950.0 -14.737 -14.735 -14.889 
320570.0 -14.737 -14.735 -14.89 
325250.0 -14.738 -14.736 -14.89 
330010.0 -14.738 -14.736 -14.891 
334830.0 -14.739 -14.737 -14.895 
339720.0 -14.739 -14.737 -14.897 
344690.0 -14.74 -14.738 -14.898 
349730.0 -14.74 -14.738 -14.9 
354840.0 -14.741 -14.739 -14.9 
360020.0 -14.741 -14.739 -14.902 
365280.0 -14.742 -14.74 -14.902 
370620.0 -14.743 -14.739 -14.903 
376040.0 -14.743 -14.74 -14.903 
381530.0 -14.744 -14.74 -14.905 
387110.0 -14.744 -14.74 -14.905 
392770.0 -14.746 -14.741 -14.905 
398510.0 -14.747 -14.741 -14.906 
404330.0 -14.746 -14.741 -14.906 
410240.0 -14.747 -14.742 -14.906 
416230.0 -14.748 -14.742 -14.908 
422320.0 -14.748 -14.743 -14.908 
428490.0 -14.749 -14.743 -14.908 
434750.0 -14.75 -14.744 -14.908 
441100.0 -14.75 -14.745 -14.909 
447550.0 -14.751 -14.745 -14.908 
454090.0 -14.752 -14.746 -14.91 
460730.0 -14.753 -14.747 -14.91 
467460.0 -14.753 -14.747 -14.911 
474290.0 -14.754 -14.748 -14.91 
481220.0 -14.756 -14.748 -14.909 
488260.0 -14.757 -14.748 -14.91 
495390.0 -14.758 -14.749 -14.91 
502630.0 -14.759 -14.75 -14.903 
509980.0 -14.76 -14.75 -14.891 
517430.0 -14.76 -14.75 -14.885 
524990.0 -14.761 -14.752 -14.883 
532660.0 -14.762 -14.753 -14.883 
540450.0 -14.763 -14.753 -14.882 
548350.0 -14.764 -14.753 -14.88 
556360.0 -14.765 -14.753 -14.88 
564490.0 -14.766 -14.754 -14.878 
572740.0 -14.767 -14.754 -14.878 
581110.0 -14.768 -14.755 -14.879 
589600.0 -14.769 -14.756 -14.88 
598220.0 -14.77 -14.757 -14.879 
606960.0 -14.772 -14.758 -14.88 
615830.0 -14.773 -14.759 -14.88 
624830.0 -14.773 -14.759 -14.88 
633960.0 -14.774 -14.76 -14.881 
643230.0 -14.775 -14.76 -14.88 
652630.0 -14.776 -14.761 -14.882 
662170.0 -14.777 -14.762 -14.883 
671840.0 -14.778 -14.763 -14.882 
681660.0 -14.779 -14.763 -14.883 
691620.0 -14.78 -14.764 -14.884 
701730.0 -14.782 -14.765 -14.885 
711990.0 -14.783 -14.766 -14.884 
722390.0 -14.784 -14.767 -14.886 
732950.0 -14.786 -14.768 -14.885 
743660.0 -14.787 -14.769 -14.887 
754530.0 -14.789 -14.77 -14.887 
765560.0 -14.79 -14.77 -14.887 
776740.0 -14.79 -14.771 -14.887 
788100.0 -14.791 -14.772 -14.889 
799610.0 -14.793 -14.773 -14.889 
811300.0 -14.794 -14.774 -14.887 
823150.0 -14.796 -14.774 -14.888 
835180.0 -14.797 -14.776 -14.886 
847390.0 -14.798 -14.777 -14.886 
859770.0 -14.801 -14.778 -14.886 
872340.0 -14.802 -14.778 -14.888 
885090.0 -14.804 -14.779 -14.888 
898020.0 -14.805 -14.78 -14.888 
911150.0 -14.807 -14.782 -14.891 
924460.0 -14.809 -14.782 -14.894 
937970.0 -14.81 -14.783 -14.89 
951680.0 -14.812 -14.785 -14.89 
965590.0 -14.813 -14.786 -14.886 
979700.0 -14.815 -14.787 -14.884 
994020.0 -14.817 -14.789 -14.88 
1008500.0 -14.818 -14.79 -14.878 
1023300.0 -14.82 -14.792 -14.876 
1038200.0 -14.823 -14.792 -14.874 
1053400.0 -14.825 -14.793 -14.877 
1068800.0 -14.827 -14.794 -14.877 
1084400.0 -14.829 -14.795 -14.878 
1100300.0 -14.831 -14.796 -14.876 
1116400.0 -14.833 -14.797 -14.876 
1132700.0 -14.835 -14.799 -14.874 
1149200.0 -14.837 -14.801 -14.874 
1166000.0 -14.839 -14.802 -14.875 
1183100.0 -14.841 -14.803 -14.879 
1200300.0 -14.843 -14.805 -14.879 
1217900.0 -14.845 -14.806 -14.883 
1235700.0 -14.847 -14.808 -14.88 
1253700.0 -14.85 -14.809 -14.886 
1272100.0 -14.852 -14.81 -14.888 
1290700.0 -14.854 -14.811 -14.89 
1309500.0 -14.858 -14.813 -14.892 
1328700.0 -14.86 -14.814 -14.895 
1348100.0 -14.862 -14.815 -14.893 
1367800.0 -14.865 -14.815 -14.897 
1387800.0 -14.867 -14.816 -14.9 
1408000.0 -14.87 -14.816 -14.905 
1428600.0 -14.873 -14.817 -14.909 
1449500.0 -14.875 -14.819 -14.916 
1470700.0 -14.878 -14.82 -14.923 
1492200.0 -14.881 -14.821 -14.935 
1514000.0 -14.884 -14.817 -14.939 
1536100.0 -14.887 -14.819 -14.942 
1558600.0 -14.89 -14.822 -14.948 
1581300.0 -14.893 -14.825 -14.95 
1604400.0 -14.896 -14.828 -14.955 
1627900.0 -14.899 -14.829 -14.957 
1651700.0 -14.902 -14.833 -14.96 
1675800.0 -14.906 -14.835 -14.964 
1700300.0 -14.909 -14.836 -14.971 
1725200.0 -14.913 -14.84 -14.974 
1750400.0 -14.916 -14.842 -14.979 
1775900.0 -14.92 -14.844 -14.985 
1801900.0 -14.923 -14.845 -14.989 
1828200.0 -14.927 -14.849 -14.993 
1855000.0 -14.93 -14.851 -14.995 
1882100.0 -14.934 -14.855 -14.999 
1909600.0 -14.938 -14.857 -15.003 
1937500.0 -14.942 -14.861 -15.007 
1965800.0 -14.945 -14.864 -15.013 
1994500.0 -14.949 -14.869 -15.017 
2023700.0 -14.954 -14.874 -15.026 
2053200.0 -14.959 -14.874 -15.027 
2083200.0 -14.963 -14.884 -15.032 
2113700.0 -14.967 -14.888 -15.044 
2144600.0 -14.972 -14.891 -15.047 
2175900.0 -14.976 -14.895 -15.053 
2207700.0 -14.982 -14.897 -15.062 
2240000.0 -14.984 -14.899 -15.066 
2272700.0 -14.987 -14.903 -15.076 
2305900.0 -14.992 -14.909 -15.084 
2339600.0 -14.996 -14.912 -15.09 
2373800.0 -14.999 -14.915 -15.099 
2408500.0 -15.003 -14.917 -15.108 
2443700.0 -15.006 -14.92 -15.116 
2479400.0 -15.008 -14.92 -15.127 
2515700.0 -15.001 -14.917 -15.138 
2552400.0 -14.995 -14.921 -15.155 
2589700.0 -15.001 -14.926 -15.146 
2627600.0 -15.008 -14.928 -15.131 
2666000.0 -15.015 -14.931 -15.119 
2704900.0 -15.021 -14.94 -15.11 
2744500.0 -15.028 -14.945 -15.101 
2784600.0 -15.034 -14.952 -15.09 
2825300.0 -15.038 -14.958 -15.083 
2866600.0 -15.042 -14.968 -15.077 
2908500.0 -15.077 -14.964 -15.069 
2951000.0 -15.099 -14.976 -15.063 
2994100.0 -15.097 -14.989 -15.058 
3037800.0 -15.097 -15.003 -15.055 
3082200.0 -15.319 -15.012 -15.053 
3127300.0 -15.231 -15.097 -15.046 
3173000.0 -15.203 -15.038 -15.036 
3219400.0 -15.203 -15.023 -15.023 
3266400.0 -15.207 -15.013 -15.011 
3314100.0 -15.186 -14.989 -14.994 
3362600.0 -15.148 -14.956 -14.977 
3411700.0 -15.11 -14.921 -14.956 
3461600.0 -15.074 -14.892 -14.934 
3512200.0 -15.038 -14.876 -14.906 
3563500.0 -15.007 -14.871 -14.87 
3615600.0 -14.989 -14.871 -14.839 
3668400.0 -14.992 -14.812 -14.792 
3722000.0 -15.02 -14.78 -14.753 
3776400.0 -15.081 -14.812 -14.724 
3831600.0 -15.149 -14.786 -14.699 
3887600.0 -15.224 -14.765 -14.68 
3944400.0 -15.316 -14.744 -14.662 
4002100.0 -15.404 -14.722 -14.645 
4060500.0 -15.438 -14.703 -14.633 
4119900.0 -15.478 -14.69 -14.622 
4180100.0 -15.457 -14.66 -14.612 
4241200.0 -15.386 -14.648 -14.602 
4303200.0 -15.316 -14.627 -14.597 
4366000.0 -15.249 -14.614 -14.595 
4429800.0 -15.184 -14.596 -14.592 
4494600.0 -15.119 -14.582 -14.59 
4560300.0 -15.057 -14.571 -14.589 
4626900.0 -14.991 -14.563 -14.593 
4694500.0 -14.923 -14.561 -14.596 
4763100.0 -14.857 -14.569 -14.598 
4832800.0 -14.79 -14.582 -14.607 
4903400.0 -14.724 -14.594 -14.618 
4975000.0 -14.66 -14.627 -14.628 
5047700.0 -14.602 -14.661 -14.637 
5121500.0 -14.543 -14.692 -14.733 
5196400.0 -14.492 -14.716 -14.76 
5272300.0 -14.443 -14.734 -14.787 
5349400.0 -14.389 -14.757 -14.818 
5427500.0 -14.341 -14.779 -14.855 
5506800.0 -14.304 -14.807 -14.899 
5587300.0 -14.263 -14.83 -14.949 
5669000.0 -14.229 -14.856 -15.008 
5751800.0 -14.186 -14.887 -15.077 
5835900.0 -14.16 -14.922 -15.155 
5921200.0 -14.13 -14.968 -15.247 
6007700.0 -14.098 -15.02 -15.355 
6095500.0 -14.073 -15.09 -15.476 
6184600.0 -14.044 -15.166 -15.607 
6275000.0 -14.015 -15.241 -15.747 
6366700.0 -13.987 -15.316 -15.902 
6459700.0 -13.963 -15.382 -16.049 
6554100.0 -13.934 -15.407 -16.04 
6649900.0 -13.907 -15.395 -16.0 
6747100.0 -13.883 -15.365 -15.914 
6845700.0 -13.857 -15.331 -15.725 
6945700.0 -13.831 -15.298 -15.369 
7047200.0 -13.807 -15.266 -15.067 
7150200.0 -13.785 -15.231 -15.006 
7254700.0 -13.762 -15.198 -14.948 
7360700.0 -13.74 -15.162 -14.897 
7468300.0 -13.718 -15.125 -14.846 
7577500.0 -13.695 -15.092 -14.795 
7688200.0 -13.671 -15.055 -14.745 
7800500.0 -13.652 -15.018 -14.706 
7914500.0 -13.632 -14.985 -14.654 
8030200.0 -13.611 -14.947 -14.621 
8147600.0 -13.591 -14.911 -14.581 
8266600.0 -13.569 -14.873 -14.539 
8387400.0 -13.551 -14.836 -14.505 
8510000.0 -13.531 -14.801 -14.472 
8634400.0 -13.509 -14.759 -14.434 
8760600.0 -13.489 -14.722 -14.402 
8888600.0 -13.47 -14.68 -14.369 
9018500.0 -13.448 -14.641 -14.344 
9150300.0 -13.429 -14.597 -14.307 
9284000.0 -13.41 -14.557 -14.284 
9419700.0 -13.391 -14.512 -14.266 
9557400.0 -13.368 -14.459 -14.255 
9697000.0 -13.346 -14.419 -14.241 
9838800.0 -13.325 -14.38 -14.23 
9982500.0 -13.305 -14.342 -14.221 
10128000.0 -13.289 -14.306 -14.199 
10276000.0 -13.277 -14.282 -14.175 
10427000.0 -13.268 -14.258 -14.152 
10579000.0 -13.263 -14.236 -14.13 
10734000.0 -13.263 -14.214 -14.108 
10890000.0 -13.263 -14.191 -14.086 
11050000.0 -13.266 -14.169 -14.064 
11211000.0 -13.271 -14.148 -14.046 
11375000.0 -13.274 -14.127 -14.026 
11541000.0 -13.278 -14.106 -14.008 
11710000.0 -13.284 -14.085 -13.989 
11881000.0 -13.29 -14.066 -13.971 
12055000.0 -13.296 -14.046 -13.949 
12231000.0 -13.302 -14.027 -13.928 
12410000.0 -13.308 -14.009 -13.912 
12591000.0 -13.314 -13.99 -13.897 
12775000.0 -13.319 -13.973 -13.881 
12962000.0 -13.323 -13.955 -13.864 
13151000.0 -13.328 -13.938 -13.848 
13343000.0 -13.332 -13.921 -13.83 
13538000.0 -13.337 -13.904 -13.814 
13736000.0 -13.34 -13.888 -13.8 
13937000.0 -13.342 -13.872 -13.788 
14140000.0 -13.343 -13.862 -13.774 
14347000.0 -13.341 -13.852 -13.767 
14557000.0 -13.337 -13.838 -13.755 
14770000.0 -13.33 -13.829 -13.745 
14985000.0 -13.321 -13.823 -13.733 
15204000.0 -13.309 -13.816 -13.723 
15427000.0 -13.297 -13.811 -13.712 
15652000.0 -13.282 -13.804 -13.699 
15881000.0 -13.269 -13.799 -13.692 
16113000.0 -13.257 -13.793 -13.68 
16348000.0 -13.244 -13.787 -13.668 
16587000.0 -13.233 -13.783 -13.653 
16830000.0 -13.222 -13.778 -13.644 
17076000.0 -13.211 -13.774 -13.627 
17325000.0 -13.2 -13.768 -13.612 
17578000.0 -13.189 -13.764 -13.594 
17835000.0 -13.18 -13.76 -13.588 
18096000.0 -13.17 -13.756 -13.572 
18360000.0 -13.161 -13.751 -13.556 
18629000.0 -13.153 -13.747 -13.538 
18901000.0 -13.145 -13.743 -13.525 
19177000.0 -13.135 -13.74 -13.509 
19457000.0 -13.128 -13.735 -13.492 
19742000.0 -13.121 -13.732 -13.479 
20030000.0 -13.114 -13.73 -13.466 
20323000.0 -13.105 -13.726 -13.452 
20620000.0 -13.096 -13.719 -13.437 
20921000.0 -13.085 -13.711 -13.423 
21227000.0 -13.075 -13.703 -13.409 
21537000.0 -13.067 -13.694 -13.394 
21852000.0 -13.058 -13.685 -13.375 
22171000.0 -13.052 -13.674 -13.337 
22495000.0 -13.043 -13.665 -13.301 
22824000.0 -13.036 -13.657 -13.26 
23158000.0 -13.028 -13.648 -13.221 
23496000.0 -13.022 -13.637 -13.189 
23839000.0 -13.013 -13.629 -13.174 
24188000.0 -13.005 -13.62 -13.162 
24541000.0 -13.001 -13.61 -13.154 
24900000.0 -12.994 -13.6 -13.145 
25264000.0 -12.989 -13.591 -13.132 
25633000.0 -12.98 -13.58 -13.122 
26008000.0 -12.975 -13.571 -13.111 
26388000.0 -12.969 -13.559 -13.105 
26773000.0 -12.964 -13.549 -13.095 
27165000.0 -12.958 -13.539 -13.084 
27562000.0 -12.956 -13.529 -13.071 
27964000.0 -12.948 -13.517 -13.058 
28373000.0 -12.945 -13.508 -13.052 
28788000.0 -12.941 -13.498 -13.042 
29209000.0 -12.937 -13.486 -13.031 
29635000.0 -12.931 -13.475 -13.018 
30068000.0 -12.925 -13.465 -13.008 
30508000.0 -12.921 -13.454 -13.0 
30954000.0 -12.916 -13.443 -12.989 
31406000.0 -12.914 -13.433 -12.979 
31865000.0 -12.91 -13.422 -12.967 
32331000.0 -12.908 -13.411 -12.958 
32803000.0 -12.906 -13.397 -12.948 
33283000.0 -12.903 -13.382 -12.938 
33769000.0 -12.896 -13.368 -12.929 
34263000.0 -12.891 -13.353 -12.917 
34763000.0 -12.884 -13.339 -12.908 
35271000.0 -12.877 -13.325 -12.899 
35787000.0 -12.869 -13.312 -12.89 
36310000.0 -12.858 -13.299 -12.88 
36840000.0 -12.849 -13.285 -12.871 
37379000.0 -12.841 -13.273 -12.861 
37925000.0 -12.832 -13.262 -12.852 
38479000.0 -12.823 -13.247 -12.844 
39042000.0 -12.815 -13.234 -12.835 
39612000.0 -12.804 -13.22 -12.826 
40191000.0 -12.798 -13.209 -12.818 
40778000.0 -12.786 -13.196 -12.811 
41374000.0 -12.78 -13.185 -12.803 
41979000.0 -12.768 -13.172 -12.795 
42593000.0 -12.761 -13.159 -12.788 
43215000.0 -12.751 -13.146 -12.78 
43847000.0 -12.74 -13.133 -12.773 
44487000.0 -12.73 -13.122 -12.765 
45137000.0 -12.718 -13.11 -12.76 
45797000.0 -12.709 -13.098 -12.753 
46466000.0 -12.698 -13.086 -12.747 
47145000.0 -12.691 -13.073 -12.742 
47834000.0 -12.677 -13.062 -12.766 
48534000.0 -12.667 -13.05 -12.787 
49243000.0 -12.656 -13.038 -12.808 
49962000.0 -12.646 -13.028 -12.829 
50693000.0 -12.638 -13.016 -12.851 
51433000.0 -12.629 -13.005 -12.878 
52185000.0 -12.621 -12.993 -12.872 
52948000.0 -12.612 -12.984 -12.87 
53722000.0 -12.604 -12.975 -12.868 
54507000.0 -12.598 -12.966 -12.864 
55303000.0 -12.589 -12.958 -12.862 
56111000.0 -12.581 -12.949 -12.856 
56931000.0 -12.574 -12.94 -12.855 
57763000.0 -12.566 -12.929 -12.85 
58608000.0 -12.558 -12.918 -12.846 
59464000.0 -12.55 -12.908 -12.842 
60333000.0 -12.543 -12.897 -12.839 
61215000.0 -12.536 -12.886 -12.834 
62109000.0 -12.528 -12.877 -12.831 
63017000.0 -12.521 -12.867 -12.827 
63938000.0 -12.514 -12.856 -12.823 
64872000.0 -12.507 -12.847 -12.819 
65821000.0 -12.499 -12.837 -12.816 
66782000.0 -12.489 -12.827 -12.806 
67758000.0 -12.48 -12.817 -12.783 
68749000.0 -12.472 -12.808 -12.765 
69753000.0 -12.464 -12.797 -12.745 
70773000.0 -12.456 -12.787 -12.723 
71807000.0 -12.448 -12.776 -12.7 
72856000.0 -12.445 -12.765 -12.674 
73921000.0 -12.443 -12.753 -12.654 
75001000.0 -12.442 -12.742 -12.644 
76098000.0 -12.441 -12.73 -12.634 
77210000.0 -12.442 -12.718 -12.624 
78338000.0 -12.444 -12.709 -12.613 
79483000.0 -12.446 -12.699 -12.605 
80644000.0 -12.452 -12.691 -12.594 
81823000.0 -12.452 -12.683 -12.585 
83019000.0 -12.458 -12.675 -12.576 
84232000.0 -12.468 -12.667 -12.566 
85463000.0 -12.468 -12.66 -12.556 
86712000.0 -12.476 -12.652 -12.547 
87979000.0 -12.488 -12.644 -12.538 
89265000.0 -12.501 -12.638 -12.529 
90569000.0 -12.508 -12.63 -12.52 
91893000.0 -12.522 -12.623 -12.51 
93236000.0 -12.536 -12.616 -12.502 
94599000.0 -12.551 -12.609 -12.493 
95981000.0 -12.568 -12.602 -12.485 
97384000.0 -12.588 -12.596 -12.476 
98807000.0 -12.608 -12.588 -12.468 
100250000.0 -12.631 -12.581 -12.459 
101720000.0 -12.656 -12.574 -12.451 
103200000.0 -12.677 -12.568 -12.444 
104710000.0 -12.678 -12.561 -12.435 
106240000.0 -12.682 -12.558 -12.427 
107790000.0 -12.684 -12.554 -12.419 
109370000.0 -12.686 -12.549 -12.411 
110970000.0 -12.688 -12.544 -12.402 
112590000.0 -12.69 -12.54 -12.396 
114230000.0 -12.691 -12.536 -12.387 
115900000.0 -12.691 -12.534 -12.38 
117600000.0 -12.694 -12.528 -12.369 
119320000.0 -12.694 -12.519 -12.358 
121060000.0 -12.694 -12.51 -12.345 
122830000.0 -12.694 -12.5 -12.334 
124620000.0 -12.694 -12.492 -12.324 
126450000.0 -12.692 -12.483 -12.31 
128290000.0 -12.682 -12.473 -12.3 
130170000.0 -12.674 -12.464 -12.285 
132070000.0 -12.666 -12.452 -12.274 
134000000.0 -12.657 -12.444 -12.261 
135960000.0 -12.647 -12.434 -12.249 
137950000.0 -12.637 -12.425 -12.236 
139960000.0 -12.628 -12.415 -12.223 
142010000.0 -12.621 -12.403 -12.21 
144080000.0 -12.611 -12.393 -12.196 
146190000.0 -12.599 -12.381 -12.182 
148320000.0 -12.593 -12.37 -12.168 
150490000.0 -12.582 -12.359 -12.153 
152690000.0 -12.574 -12.35 -12.14 
154920000.0 -12.562 -12.339 -12.128 
157190000.0 -12.555 -12.33 -12.116 
159480000.0 -12.545 -12.32 -12.106 
161810000.0 -12.538 -12.311 -12.094 
164180000.0 -12.526 -12.299 -12.084 
166580000.0 -12.517 -12.29 -12.075 
169010000.0 -12.506 -12.282 -12.066 
171480000.0 -12.498 -12.272 -12.056 
173990000.0 -12.485 -12.263 -12.046 
176530000.0 -12.477 -12.253 -12.038 
179110000.0 -12.463 -12.244 -12.029 
181730000.0 -12.453 -12.235 -12.019 
184390000.0 -12.442 -12.225 -12.009 
187080000.0 -12.428 -12.214 -12.0 
189810000.0 -12.417 -12.204 -11.989 
192590000.0 -12.404 -12.194 -11.98 
195400000.0 -12.393 -12.184 -11.969 
198260000.0 -12.379 -12.173 -11.959 
201160000.0 -12.367 -12.161 -11.949 
204100000.0 -12.353 -12.15 -11.939 
207080000.0 -12.339 -12.139 -11.93 
210100000.0 -12.326 -12.128 -11.92 
213180000.0 -12.313 -12.116 -11.909 
216290000.0 -12.3 -12.103 -11.899 
219450000.0 -12.305 -12.094 -11.89 
222660000.0 -12.309 -12.082 -11.88 
225910000.0 -12.315 -12.071 -11.87 
229210000.0 -12.321 -12.058 -11.86 
232560000.0 -12.328 -12.045 -11.849 
235960000.0 -12.335 -12.034 -11.839 
239410000.0 -12.344 -12.022 -11.83 
242910000.0 -12.354 -12.01 -11.819 
246460000.0 -12.362 -11.999 -11.811 
250060000.0 -12.373 -11.988 -11.8 
253720000.0 -12.385 -11.976 -11.789 
257420000.0 -12.399 -11.963 -11.78 
261190000.0 -12.413 -11.951 -11.77 
265000000.0 -12.427 -11.941 -11.76 
268880000.0 -12.443 -11.931 -11.75 
272800000.0 -12.46 -11.921 -11.74 
276790000.0 -12.478 -11.913 -11.732 
280840000.0 -12.498 -11.904 -11.721 
284940000.0 -12.517 -11.898 -11.711 
289110000.0 -12.543 -11.891 -11.702 
293330000.0 -12.567 -11.883 -11.694 
297620000.0 -12.592 -11.876 -11.684 
301970000.0 -12.615 -11.869 -11.676 
306380000.0 -12.619 -11.862 -11.668 
310860000.0 -12.605 -11.855 -11.659 
315400000.0 -12.592 -11.849 -11.65 
320010000.0 -12.578 -11.842 -11.642 
324690000.0 -12.566 -11.834 -11.633 
329430000.0 -12.553 -11.828 -11.625 
334250000.0 -12.541 -11.822 -11.617 
339130000.0 -12.529 -11.817 -11.608 
344090000.0 -12.517 -11.811 -11.599 
349110000.0 -12.507 -11.805 -11.59 
354220000.0 -12.494 -11.8 -11.582 
359390000.0 -12.483 -11.795 -11.573 
364650000.0 -12.472 -11.79 -11.565 
369970000.0 -12.462 -11.785 -11.556 
375380000.0 -12.451 -11.781 -11.548 
380870000.0 -12.444 -11.777 -11.54 
386430000.0 -12.434 -11.774 -11.531 
392080000.0 -12.424 -11.768 -11.522 
397810000.0 -12.416 -11.765 -11.514 
403620000.0 -12.407 -11.762 -11.507 
409520000.0 -12.4 -11.759 -11.498 
415510000.0 -12.392 -11.762 -11.49 
421580000.0 -12.385 -11.762 -11.48 
427740000.0 -12.378 -11.76 -11.473 
433990000.0 -12.371 -11.761 -11.465 
440330000.0 -12.364 -11.76 -11.456 
446770000.0 -12.359 -11.76 -11.447 
453300000.0 -12.349 -11.759 -11.44 
459920000.0 -12.345 -11.759 -11.432 
466640000.0 -12.333 -11.759 -11.424 
473460000.0 -12.31 -11.759 -11.418 
480380000.0 -12.286 -11.759 -11.412 
487400000.0 -12.263 -11.761 -11.404 
494530000.0 -12.237 -11.762 -11.398 
501750000.0 -12.215 -11.758 -11.389 
509090000.0 -12.188 -11.756 -11.381 
516530000.0 -12.162 -11.753 -11.375 
524080000.0 -12.137 -11.752 -11.367 
531730000.0 -12.106 -11.752 -11.358 
539510000.0 -12.082 -11.75 -11.35 
547390000.0 -12.052 -11.752 -11.344 
555390000.0 -12.027 -11.751 -11.336 
563510000.0 -11.999 -11.749 -11.328 
571740000.0 -11.972 -11.749 -11.32 
580100000.0 -11.943 -11.748 -11.313 
588570000.0 -11.916 -11.748 -11.305 
597180000.0 -11.889 -11.747 -11.296 
605900000.0 -11.862 -11.745 -11.287 
614760000.0 -11.833 -11.744 -11.278 
623740000.0 -11.807 -11.744 -11.269 
632860000.0 -11.78 -11.741 -11.262 
642110000.0 -11.743 -11.742 -11.253 
651490000.0 -11.721 -11.74 -11.244 
661010000.0 -11.706 -11.737 -11.234 
670670000.0 -11.689 -11.736 -11.226 
680470000.0 -11.672 -11.736 -11.217 
690420000.0 -11.658 -11.742 -11.209 
700510000.0 -11.644 -11.74 -11.2 
710740000.0 -11.629 -11.731 -11.191 
721130000.0 -11.616 -11.72 -11.182 
731670000.0 -11.599 -11.711 -11.172 
742360000.0 -11.585 -11.702 -11.163 
753210000.0 -11.571 -11.691 -11.153 
764220000.0 -11.557 -11.68 -11.146 
775390000.0 -11.543 -11.671 -11.136 
786720000.0 -11.529 -11.657 -11.127 
798220000.0 -11.515 -11.648 -11.118 
809880000.0 -11.5 -11.633 -11.109 
821720000.0 -11.488 -11.622 -11.099 
833730000.0 -11.484 -11.609 -11.089 
845910000.0 -11.474 -11.598 -11.082 
858270000.0 -11.464 -11.585 -11.073 
870820000.0 -11.453 -11.571 -11.062 
883540000.0 -11.445 -11.556 -11.053 
896450000.0 -11.436 -11.541 -11.043 
909550000.0 -11.429 -11.526 -11.032 
922850000.0 -11.423 -11.509 -11.022 
936330000.0 -11.418 -11.492 -11.012 
950020000.0 -11.413 -11.474 -11.003 
963900000.0 -11.401 -11.453 -10.992 
977990000.0 -11.395 -11.426 -10.981 
992280000.0 -11.387 -11.408 -10.972 
1006800000.0 -11.38 -11.391 -10.962 
1021500000.0 -11.377 -11.374 -10.951 
1036400000.0 -11.369 -11.357 -10.941 
1051600000.0 -11.366 -11.34 -10.93 
1066900000.0 -11.362 -11.324 -10.919 
1082500000.0 -11.355 -11.309 -10.909 
1098400000.0 -11.354 -11.299 -10.899 
1114400000.0 -11.359 -11.293 -10.889 
1130700000.0 -11.392 -11.288 -10.877 
1147200000.0 -11.397 -11.283 -10.867 
1164000000.0 -11.403 -11.283 -10.857 
1181000000.0 -11.41 -11.285 -10.851 
1198200000.0 -11.424 -11.288 -10.849 
1215800000.0 -11.435 -11.3 -10.849 
1233500000.0 -11.45 -11.308 -10.847 
1251600000.0 -11.464 -11.339 -10.849 
1269800000.0 -11.481 -11.361 -10.851 
1288400000.0 -11.471 -11.385 -10.854 
1307200000.0 -11.482 -11.403 -10.858 
1326300000.0 -11.495 -11.414 -10.865 
1345700000.0 -11.493 -11.426 -10.874 
1365400000.0 -11.489 -11.437 -10.882 
1385300000.0 -11.485 -11.449 -10.897 
1405600000.0 -11.473 -11.497 -10.897 
1426100000.0 -11.46 -11.634 -10.899 
1447000000.0 -11.402 -11.9 -10.903 
1468100000.0 -11.331 -11.365 -10.903 
1489600000.0 -11.305 -11.302 -10.906 
1511300000.0 -11.283 -11.25 -10.958 
1533400000.0 -11.264 -11.195 -10.961 
1555800000.0 -11.241 -11.165 -10.964 
1578600000.0 -11.223 -11.138 -10.968 
1601600000.0 -11.207 -11.119 -10.968 
1625000000.0 -11.196 -11.098 -10.792 
1648800000.0 -11.179 -11.083 -10.755 
1672900000.0 -11.163 -11.132 -10.727 
1697300000.0 -11.152 -11.107 -10.699 
1722100000.0 -11.141 -11.083 -10.678 
1747300000.0 -11.169 -11.063 -10.655 
1772800000.0 -11.16 -11.042 -10.635 
1798800000.0 -11.156 -11.022 -10.618 
1825000000.0 -11.149 -11.005 -10.615 
1851700000.0 -11.142 -10.982 -10.6 
1878800000.0 -11.133 -10.966 -10.584 
1906200000.0 -11.129 -10.948 -10.568 
1934100000.0 -11.131 -10.932 -10.555 
1962400000.0 -11.119 -10.916 -10.541 
1991000000.0 -11.111 -10.903 -10.526 
2020100000.0 -11.094 -10.889 -10.511 
2049700000.0 -11.083 -10.878 -10.498 
2079600000.0 -11.071 -10.862 -10.484 
2110000000.0 -11.05 -10.85 -10.472 
2140800000.0 -11.031 -10.837 -10.463 
2172100000.0 -11.024 -10.823 -10.45 
2203900000.0 -11.007 -10.809 -10.439 
2236100000.0 -10.998 -10.795 -10.427 
2268800000.0 -10.982 -10.789 -10.414 
2301900000.0 -10.972 -10.777 -10.399 
2335500000.0 -10.957 -10.765 -10.386 
2369700000.0 -10.946 -10.757 -10.374 
2404300000.0 -10.933 -10.75 -10.362 
2439400000.0 -10.917 -10.734 -10.348 
2475100000.0 -10.904 -10.72 -10.335 
2511300000.0 -10.894 -10.707 -10.322 
2548000000.0 -10.874 -10.697 -10.071 
2585200000.0 -10.858 -10.686 -10.295 
2623000000.0 -10.842 -10.674 -10.281 
2661300000.0 -10.83 -10.666 -10.268 
2700200000.0 -10.818 -10.658 -10.254 
2739700000.0 -10.809 -10.65 -10.239 
2779700000.0 -10.796 -10.642 -10.227 
2820300000.0 -10.785 -10.622 -10.212 
2861600000.0 -10.769 -10.61 -10.199 
2903400000.0 -10.756 -10.594 -10.186 
2945800000.0 -10.746 -10.575 -10.176 
2988900000.0 -10.739 -10.564 -10.163 
3032500000.0 -10.723 -10.554 -10.154 
3076900000.0 -10.714 -10.543 -10.142 
3121800000.0 -10.701 -10.534 -10.13 
3167400000.0 -10.689 -10.521 -10.119 
3213700000.0 -10.682 -10.51 -10.107 
3260700000.0 -10.673 -10.498 -10.1 
3308300000.0 -10.663 -10.488 -10.088 
3356700000.0 -10.659 -10.477 -10.081 
3405800000.0 -10.653 -10.468 -10.071 
3455500000.0 -10.645 -10.454 -10.062 
3506000000.0 -10.633 -10.441 -10.054 
3557300000.0 -10.614 -10.433 -10.049 
3609200000.0 -10.603 -10.433 -10.042 
3662000000.0 -10.589 -10.431 -10.036 
3715500000.0 -10.576 -10.422 -10.023 
3769800000.0 -10.562 -10.422 -10.012 
3824900000.0 -10.548 -10.414 -10.0 
3880800000.0 -10.531 -10.405 -9.989 
3937500000.0 -10.52 -10.393 -9.98 
3995100000.0 -10.509 -10.383 -9.967 
4053400000.0 -10.493 -10.37 -9.957 
4112700000.0 -10.479 -10.361 -9.948 
4172800000.0 -10.467 -10.353 -9.937 
4233800000.0 -10.457 -10.341 -9.926 
4295600000.0 -10.439 -10.334 -9.914 
4358400000.0 -10.428 -10.324 -9.905 
4422100000.0 -10.415 -10.31 -9.889 
4486700000.0 -10.401 -10.305 -9.876 
4552300000.0 -10.383 -10.294 -9.868 
4618800000.0 -10.372 -10.282 -9.858 
4686300000.0 -10.367 -10.266 -9.845 
4754800000.0 -10.35 -10.242 -9.826 
4824300000.0 -10.342 -10.225 -9.817 
4894800000.0 -10.325 -10.21 -9.799 
4966300000.0 -10.317 -10.199 -9.782 
5038900000.0 -10.308 -10.187 -9.77 
5112600000.0 -10.294 -10.169 -9.759 
5187300000.0 -10.282 -10.155 -9.746 
5263100000.0 -10.274 -10.145 -9.731 
5340000000.0 -10.255 -10.13 -9.716 
5418000000.0 -10.246 -10.114 -9.705 
5497200000.0 -10.233 -10.102 -9.689 
5577600000.0 -10.225 -10.092 -9.675 
5659100000.0 -10.218 -10.074 -9.663 
5741800000.0 -10.206 -10.057 -9.645 
5825700000.0 -10.188 -10.039 -9.63 
5910800000.0 -10.187 -10.03 -9.618 
5997200000.0 -10.176 -10.017 -9.604 
6084900000.0 -10.161 -9.997 -9.59 
6173800000.0 -10.147 -9.987 -9.574 
6264000000.0 -10.142 -9.978 -9.565 
6355500000.0 -10.133 -9.963 -9.549 
6448400000.0 -10.118 -9.942 -9.545 
6542700000.0 -10.111 -9.926 -9.534 
6638300000.0 -10.109 -9.911 -9.526 
6735300000.0 -10.087 -9.895 -9.511 
6833700000.0 -10.08 -9.882 -9.5 
6933600000.0 -10.07 -9.868 -9.488 
7034900000.0 -10.059 -9.855 -9.474 
7137700000.0 -10.05 -9.844 -9.465 
7242000000.0 -10.039 -9.828 -9.453 
7347900000.0 -10.025 -9.812 -9.434 
7455300000.0 -10.018 -9.803 -9.427 
7564200000.0 -10.006 -9.78 -9.409 
7674800000.0 -9.995 -9.769 -9.398 
7786900000.0 -9.986 -9.756 -9.386 
7900700000.0 -9.988 -9.748 -9.372 
8016200000.0 -9.964 -9.738 -9.358 
8133300000.0 -9.958 -9.723 -9.35 
8252200000.0 -9.957 -9.71 -9.333 
8372800000.0 -9.932 -9.694 -9.322 
8495200000.0 -9.921 -9.675 -9.307 
8619300000.0 -9.91 -9.663 -9.301 
8745300000.0 -9.915 -9.668 -9.291 
8873100000.0 -9.876 -9.646 -9.278 
9002800000.0 -9.881 -9.639 -9.267 
9134300000.0 -9.882 -9.624 -9.259 
9267800000.0 -9.847 -9.613 -9.246 
9403300000.0 -9.853 -9.629 -9.235 
9540700000.0 -9.801 -9.611 -9.225 
9680100000.0 -9.789 -9.618 -9.214 
9821600000.0 -9.804 -9.597 -9.202 
9965100000.0 -9.796 -9.591 -9.184 
10111000000.0 -9.772 -9.57 -9.173 
10258000000.0 -9.763 -9.578 -9.167 
10408000000.0 -9.738 -9.556 -9.151 
10561000000.0 -9.721 -9.567 -9.144 
10715000000.0 -9.715 -9.55 -9.133 
10871000000.0 -9.698 -9.543 -9.121 
11030000000.0 -9.692 -9.525 -9.106 
11192000000.0 -9.673 -9.519 -9.095 
11355000000.0 -9.65 -9.514 -9.087 
11521000000.0 -9.638 -9.506 -9.079 
11689000000.0 -9.596 -9.497 -9.068 
11860000000.0 -9.615 -9.479 -9.055 
12034000000.0 -9.561 -9.449 -9.048 
12209000000.0 -9.585 -9.462 -9.035 
12388000000.0 -9.572 -9.463 -9.021 
12569000000.0 -9.571 -9.449 -9.014 
12753000000.0 -9.562 -9.439 -8.991 
12939000000.0 -9.484 -9.396 -8.978 
13128000000.0 -9.516 -9.387 -8.968 
13320000000.0 -9.519 -9.407 -8.955 
13515000000.0 -9.507 -9.397 -8.943 
13712000000.0 -9.48 -9.376 -8.937 
13912000000.0 -9.476 -9.372 -8.915 
14116000000.0 -9.466 -9.348 -8.916 
14322000000.0 -9.452 -9.356 -8.896 
14531000000.0 -9.44 -9.339 -8.883 
14744000000.0 -9.426 -9.315 -8.866 
14959000000.0 -9.347 -9.28 -8.856 
15178000000.0 -9.413 -9.301 -8.847 
15400000000.0 -9.393 -9.286 -8.834 
15625000000.0 -9.329 -9.266 -8.824 
15853000000.0 -9.364 -9.26 -8.814 
16085000000.0 -9.379 -9.24 -8.799 
16320000000.0 -9.349 -9.227 -8.787 
16558000000.0 -9.353 -9.214 -8.773 
16800000000.0 -9.345 -9.199 -8.775 
17046000000.0 -9.334 -9.155 -8.753 
17295000000.0 -9.331 -9.168 -8.739 
17548000000.0 -9.311 -9.155 -8.73 
17804000000.0 -9.301 -9.148 -8.718 
18064000000.0 -9.302 -9.125 -8.709 
18328000000.0 -9.196 -9.124 -8.705 
18596000000.0 -9.291 -9.109 -8.685 
18868000000.0 -9.258 -9.109 -8.679 
19144000000.0 -9.256 -9.069 -8.669 
19423000000.0 -9.24 -9.076 -8.689 
19707000000.0 -9.245 -9.076 -8.678 
19995000000.0 -9.241 -9.037 -8.658 
