#METAL 0.0004 0.008 0.05 
10000.0 -14.364 -14.486 -14.867 
10146.0 -14.364 -14.486 -14.867 
10294.0 -14.364 -14.486 -14.867 
10445.0 -14.365 -14.486 -14.867 
10598.0 -14.365 -14.486 -14.867 
10752.0 -14.365 -14.486 -14.867 
10910.0 -14.365 -14.486 -14.867 
11069.0 -14.365 -14.486 -14.867 
11231.0 -14.365 -14.486 -14.867 
11395.0 -14.365 -14.486 -14.867 
11561.0 -14.365 -14.486 -14.867 
11730.0 -14.365 -14.486 -14.867 
11902.0 -14.365 -14.486 -14.867 
12076.0 -14.365 -14.486 -14.867 
12252.0 -14.365 -14.486 -14.867 
12431.0 -14.365 -14.486 -14.867 
12613.0 -14.365 -14.486 -14.866 
12797.0 -14.365 -14.486 -14.866 
12984.0 -14.365 -14.486 -14.866 
13174.0 -14.365 -14.486 -14.866 
13367.0 -14.365 -14.486 -14.866 
13562.0 -14.365 -14.486 -14.866 
13760.0 -14.365 -14.486 -14.866 
13961.0 -14.365 -14.486 -14.867 
14165.0 -14.365 -14.486 -14.867 
14372.0 -14.365 -14.486 -14.867 
14582.0 -14.365 -14.486 -14.867 
14795.0 -14.365 -14.486 -14.867 
15012.0 -14.365 -14.486 -14.867 
15231.0 -14.365 -14.486 -14.867 
15454.0 -14.365 -14.486 -14.867 
15679.0 -14.365 -14.486 -14.867 
15909.0 -14.365 -14.486 -14.867 
16141.0 -14.365 -14.486 -14.867 
16377.0 -14.365 -14.486 -14.867 
16616.0 -14.365 -14.486 -14.867 
16859.0 -14.365 -14.486 -14.867 
17105.0 -14.365 -14.486 -14.867 
17355.0 -14.365 -14.486 -14.867 
17609.0 -14.365 -14.486 -14.867 
17866.0 -14.365 -14.486 -14.867 
18128.0 -14.365 -14.486 -14.867 
18392.0 -14.365 -14.486 -14.867 
18661.0 -14.365 -14.486 -14.867 
18934.0 -14.365 -14.487 -14.867 
19211.0 -14.365 -14.487 -14.867 
19491.0 -14.365 -14.487 -14.867 
19776.0 -14.365 -14.487 -14.867 
20065.0 -14.365 -14.487 -14.867 
20358.0 -14.366 -14.487 -14.867 
20656.0 -14.366 -14.487 -14.866 
20958.0 -14.366 -14.487 -14.866 
21264.0 -14.366 -14.487 -14.867 
21575.0 -14.366 -14.487 -14.867 
21890.0 -14.366 -14.487 -14.867 
22210.0 -14.366 -14.487 -14.867 
22535.0 -14.366 -14.487 -14.867 
22864.0 -14.366 -14.487 -14.867 
23198.0 -14.366 -14.487 -14.867 
23537.0 -14.366 -14.487 -14.867 
23881.0 -14.366 -14.487 -14.867 
24230.0 -14.366 -14.487 -14.867 
24584.0 -14.366 -14.487 -14.867 
24944.0 -14.366 -14.487 -14.867 
25308.0 -14.366 -14.487 -14.867 
25678.0 -14.366 -14.487 -14.867 
26053.0 -14.366 -14.487 -14.867 
26434.0 -14.366 -14.487 -14.867 
26820.0 -14.366 -14.487 -14.867 
27212.0 -14.366 -14.487 -14.866 
27610.0 -14.366 -14.487 -14.866 
28013.0 -14.366 -14.487 -14.866 
28423.0 -14.366 -14.487 -14.866 
28838.0 -14.366 -14.487 -14.866 
29260.0 -14.366 -14.487 -14.867 
29687.0 -14.367 -14.488 -14.867 
30121.0 -14.367 -14.488 -14.867 
30561.0 -14.367 -14.488 -14.867 
31008.0 -14.367 -14.488 -14.867 
31461.0 -14.367 -14.488 -14.866 
31921.0 -14.367 -14.488 -14.866 
32387.0 -14.367 -14.488 -14.866 
32861.0 -14.367 -14.488 -14.866 
33341.0 -14.367 -14.488 -14.866 
33828.0 -14.367 -14.488 -14.866 
34322.0 -14.367 -14.488 -14.866 
34824.0 -14.367 -14.488 -14.865 
35333.0 -14.367 -14.488 -14.865 
35849.0 -14.367 -14.488 -14.866 
36373.0 -14.367 -14.488 -14.866 
36905.0 -14.367 -14.488 -14.866 
37444.0 -14.367 -14.488 -14.865 
37991.0 -14.367 -14.488 -14.865 
38547.0 -14.367 -14.488 -14.865 
39110.0 -14.368 -14.488 -14.866 
39681.0 -14.368 -14.488 -14.865 
40261.0 -14.368 -14.489 -14.865 
40850.0 -14.368 -14.489 -14.865 
41447.0 -14.368 -14.489 -14.865 
42052.0 -14.368 -14.489 -14.865 
42667.0 -14.368 -14.489 -14.865 
43291.0 -14.368 -14.489 -14.865 
43923.0 -14.368 -14.489 -14.865 
44565.0 -14.368 -14.489 -14.865 
45216.0 -14.368 -14.489 -14.865 
45877.0 -14.368 -14.489 -14.865 
46548.0 -14.368 -14.489 -14.865 
47228.0 -14.368 -14.489 -14.865 
47918.0 -14.369 -14.489 -14.865 
48618.0 -14.369 -14.489 -14.866 
49329.0 -14.369 -14.489 -14.865 
50050.0 -14.369 -14.489 -14.865 
50781.0 -14.369 -14.489 -14.866 
51523.0 -14.369 -14.489 -14.866 
52276.0 -14.369 -14.489 -14.866 
53040.0 -14.369 -14.489 -14.866 
53816.0 -14.369 -14.49 -14.866 
54602.0 -14.369 -14.49 -14.865 
55400.0 -14.369 -14.49 -14.865 
56210.0 -14.369 -14.49 -14.867 
57031.0 -14.37 -14.49 -14.866 
57864.0 -14.37 -14.49 -14.866 
58710.0 -14.37 -14.49 -14.866 
59568.0 -14.37 -14.49 -14.866 
60439.0 -14.37 -14.49 -14.866 
61322.0 -14.37 -14.49 -14.866 
62218.0 -14.37 -14.49 -14.866 
63127.0 -14.37 -14.49 -14.866 
64050.0 -14.37 -14.49 -14.866 
64986.0 -14.37 -14.491 -14.866 
65936.0 -14.37 -14.491 -14.866 
66899.0 -14.371 -14.491 -14.866 
67877.0 -14.371 -14.491 -14.866 
68869.0 -14.371 -14.491 -14.866 
69875.0 -14.371 -14.491 -14.866 
70897.0 -14.371 -14.491 -14.866 
71933.0 -14.371 -14.491 -14.866 
72984.0 -14.371 -14.491 -14.866 
74050.0 -14.371 -14.491 -14.867 
75133.0 -14.371 -14.491 -14.867 
76231.0 -14.372 -14.492 -14.866 
77345.0 -14.372 -14.492 -14.867 
78475.0 -14.372 -14.492 -14.867 
79622.0 -14.372 -14.492 -14.867 
80785.0 -14.372 -14.493 -14.867 
81966.0 -14.372 -14.493 -14.867 
83164.0 -14.372 -14.493 -14.867 
84379.0 -14.372 -14.493 -14.867 
85612.0 -14.373 -14.493 -14.867 
86864.0 -14.373 -14.493 -14.867 
88133.0 -14.373 -14.493 -14.867 
89421.0 -14.373 -14.493 -14.867 
90728.0 -14.373 -14.494 -14.867 
92054.0 -14.373 -14.494 -14.868 
93399.0 -14.373 -14.494 -14.868 
94764.0 -14.374 -14.494 -14.868 
96149.0 -14.374 -14.494 -14.868 
97554.0 -14.374 -14.494 -14.868 
98980.0 -14.374 -14.494 -14.869 
100430.0 -14.374 -14.494 -14.869 
101890.0 -14.374 -14.495 -14.869 
103380.0 -14.375 -14.495 -14.869 
104890.0 -14.375 -14.495 -14.869 
106430.0 -14.375 -14.495 -14.87 
107980.0 -14.375 -14.496 -14.869 
109560.0 -14.375 -14.496 -14.869 
111160.0 -14.375 -14.496 -14.87 
112790.0 -14.376 -14.496 -14.869 
114430.0 -14.376 -14.497 -14.869 
116110.0 -14.376 -14.497 -14.87 
117800.0 -14.376 -14.497 -14.87 
119520.0 -14.376 -14.498 -14.87 
121270.0 -14.376 -14.498 -14.87 
123040.0 -14.377 -14.498 -14.87 
124840.0 -14.377 -14.498 -14.87 
126670.0 -14.377 -14.498 -14.87 
128520.0 -14.377 -14.498 -14.87 
130400.0 -14.377 -14.499 -14.871 
132300.0 -14.378 -14.499 -14.871 
134240.0 -14.378 -14.499 -14.871 
136200.0 -14.378 -14.499 -14.872 
138190.0 -14.378 -14.499 -14.872 
140210.0 -14.379 -14.499 -14.872 
142260.0 -14.379 -14.5 -14.873 
144330.0 -14.379 -14.5 -14.873 
146440.0 -14.379 -14.501 -14.873 
148580.0 -14.379 -14.501 -14.874 
150760.0 -14.38 -14.501 -14.873 
152960.0 -14.38 -14.501 -14.873 
155190.0 -14.38 -14.501 -14.874 
157460.0 -14.38 -14.502 -14.874 
159760.0 -14.381 -14.502 -14.874 
162100.0 -14.381 -14.502 -14.874 
164470.0 -14.381 -14.502 -14.874 
166870.0 -14.381 -14.503 -14.874 
169310.0 -14.382 -14.503 -14.875 
171780.0 -14.382 -14.503 -14.875 
174290.0 -14.382 -14.503 -14.875 
176840.0 -14.382 -14.504 -14.875 
179430.0 -14.383 -14.504 -14.875 
182050.0 -14.383 -14.504 -14.876 
184710.0 -14.383 -14.504 -14.876 
187410.0 -14.384 -14.505 -14.876 
190150.0 -14.384 -14.505 -14.876 
192930.0 -14.384 -14.505 -14.876 
195740.0 -14.384 -14.505 -14.876 
198610.0 -14.385 -14.507 -14.876 
201510.0 -14.385 -14.507 -14.876 
204450.0 -14.385 -14.507 -14.876 
207440.0 -14.386 -14.507 -14.876 
210470.0 -14.386 -14.508 -14.877 
213550.0 -14.386 -14.508 -14.878 
216670.0 -14.387 -14.508 -14.879 
219840.0 -14.387 -14.509 -14.88 
223050.0 -14.387 -14.509 -14.881 
226310.0 -14.388 -14.509 -14.881 
229610.0 -14.388 -14.51 -14.882 
232970.0 -14.389 -14.51 -14.883 
236380.0 -14.389 -14.51 -14.883 
239830.0 -14.389 -14.511 -14.884 
243330.0 -14.39 -14.511 -14.884 
246890.0 -14.39 -14.511 -14.885 
250500.0 -14.39 -14.512 -14.886 
254160.0 -14.391 -14.512 -14.886 
257870.0 -14.391 -14.512 -14.886 
261640.0 -14.392 -14.513 -14.887 
265470.0 -14.392 -14.513 -14.887 
269350.0 -14.392 -14.514 -14.887 
273280.0 -14.393 -14.515 -14.887 
277280.0 -14.393 -14.515 -14.888 
281330.0 -14.394 -14.515 -14.888 
285440.0 -14.394 -14.516 -14.888 
289610.0 -14.395 -14.516 -14.889 
293840.0 -14.395 -14.517 -14.889 
298140.0 -14.396 -14.517 -14.889 
302490.0 -14.396 -14.518 -14.89 
306920.0 -14.397 -14.518 -14.893 
311400.0 -14.397 -14.518 -14.893 
315950.0 -14.398 -14.52 -14.893 
320570.0 -14.398 -14.52 -14.894 
325250.0 -14.399 -14.521 -14.896 
330010.0 -14.399 -14.521 -14.897 
334830.0 -14.4 -14.522 -14.898 
339720.0 -14.4 -14.522 -14.899 
344690.0 -14.401 -14.523 -14.9 
349730.0 -14.401 -14.523 -14.901 
354840.0 -14.402 -14.524 -14.902 
360020.0 -14.402 -14.524 -14.902 
365280.0 -14.403 -14.525 -14.903 
370620.0 -14.404 -14.525 -14.903 
376040.0 -14.404 -14.526 -14.904 
381530.0 -14.405 -14.526 -14.905 
387110.0 -14.405 -14.526 -14.906 
392770.0 -14.406 -14.527 -14.906 
398510.0 -14.407 -14.528 -14.907 
404330.0 -14.407 -14.528 -14.907 
410240.0 -14.408 -14.529 -14.908 
416230.0 -14.409 -14.529 -14.909 
422320.0 -14.409 -14.531 -14.91 
428490.0 -14.41 -14.531 -14.91 
434750.0 -14.411 -14.532 -14.911 
441100.0 -14.411 -14.533 -14.911 
447550.0 -14.412 -14.533 -14.912 
454090.0 -14.413 -14.534 -14.913 
460730.0 -14.414 -14.535 -14.914 
467460.0 -14.414 -14.535 -14.915 
474290.0 -14.415 -14.536 -14.915 
481220.0 -14.415 -14.537 -14.915 
488260.0 -14.416 -14.537 -14.917 
495390.0 -14.417 -14.538 -14.918 
502630.0 -14.418 -14.539 -14.919 
509980.0 -14.419 -14.539 -14.921 
517430.0 -14.419 -14.541 -14.923 
524990.0 -14.42 -14.542 -14.925 
532660.0 -14.421 -14.543 -14.926 
540450.0 -14.422 -14.543 -14.928 
548350.0 -14.423 -14.544 -14.932 
556360.0 -14.424 -14.546 -14.933 
564490.0 -14.425 -14.547 -14.934 
572740.0 -14.426 -14.547 -14.936 
581110.0 -14.427 -14.548 -14.936 
589600.0 -14.428 -14.549 -14.937 
598220.0 -14.429 -14.55 -14.938 
606960.0 -14.43 -14.551 -14.939 
615830.0 -14.431 -14.552 -14.938 
624830.0 -14.433 -14.553 -14.94 
633960.0 -14.433 -14.554 -14.94 
643230.0 -14.434 -14.554 -14.942 
652630.0 -14.435 -14.555 -14.942 
662170.0 -14.436 -14.556 -14.943 
671840.0 -14.437 -14.557 -14.943 
681660.0 -14.438 -14.559 -14.944 
691620.0 -14.439 -14.56 -14.945 
701730.0 -14.441 -14.561 -14.946 
711990.0 -14.442 -14.562 -14.947 
722390.0 -14.443 -14.563 -14.947 
732950.0 -14.444 -14.564 -14.947 
743660.0 -14.445 -14.565 -14.948 
754530.0 -14.447 -14.566 -14.949 
765560.0 -14.448 -14.567 -14.949 
776740.0 -14.45 -14.568 -14.951 
788100.0 -14.451 -14.569 -14.951 
799610.0 -14.453 -14.57 -14.953 
811300.0 -14.453 -14.572 -14.951 
823150.0 -14.455 -14.573 -14.952 
835180.0 -14.456 -14.575 -14.957 
847390.0 -14.457 -14.576 -14.964 
859770.0 -14.459 -14.577 -14.97 
872340.0 -14.46 -14.579 -14.975 
885090.0 -14.462 -14.58 -14.978 
898020.0 -14.463 -14.581 -14.983 
911150.0 -14.465 -14.583 -14.984 
924460.0 -14.467 -14.584 -14.992 
937970.0 -14.468 -14.585 -14.995 
951680.0 -14.47 -14.587 -14.999 
965590.0 -14.471 -14.588 -14.999 
979700.0 -14.473 -14.589 -15.0 
994020.0 -14.475 -14.592 -15.007 
1008500.0 -14.476 -14.593 -15.009 
1023300.0 -14.478 -14.595 -15.015 
1038200.0 -14.48 -14.596 -15.017 
1053400.0 -14.482 -14.599 -15.024 
1068800.0 -14.484 -14.6 -15.028 
1084400.0 -14.486 -14.601 -15.031 
1100300.0 -14.488 -14.603 -15.033 
1116400.0 -14.49 -14.604 -15.036 
1132700.0 -14.491 -14.606 -15.036 
1149200.0 -14.493 -14.608 -15.038 
1166000.0 -14.496 -14.609 -15.041 
1183100.0 -14.498 -14.612 -15.051 
1200300.0 -14.5 -14.614 -15.058 
1217900.0 -14.502 -14.617 -15.066 
1235700.0 -14.504 -14.619 -15.07 
1253700.0 -14.507 -14.621 -15.078 
1272100.0 -14.508 -14.624 -15.084 
1290700.0 -14.51 -14.626 -15.089 
1309500.0 -14.513 -14.629 -15.092 
1328700.0 -14.515 -14.631 -15.097 
1348100.0 -14.517 -14.634 -15.097 
1367800.0 -14.52 -14.637 -15.102 
1387800.0 -14.522 -14.639 -15.106 
1408000.0 -14.525 -14.642 -15.114 
1428600.0 -14.528 -14.645 -15.121 
1449500.0 -14.53 -14.648 -15.13 
1470700.0 -14.533 -14.651 -15.14 
1492200.0 -14.536 -14.655 -15.152 
1514000.0 -14.539 -14.661 -15.161 
1536100.0 -14.542 -14.663 -15.168 
1558600.0 -14.545 -14.666 -15.18 
1581300.0 -14.548 -14.669 -15.189 
1604400.0 -14.551 -14.672 -15.199 
1627900.0 -14.554 -14.674 -15.206 
1651700.0 -14.557 -14.677 -15.218 
1675800.0 -14.56 -14.681 -15.228 
1700300.0 -14.563 -14.685 -15.239 
1725200.0 -14.567 -14.689 -15.25 
1750400.0 -14.57 -14.693 -15.258 
1775900.0 -14.574 -14.696 -15.266 
1801900.0 -14.577 -14.701 -15.273 
1828200.0 -14.581 -14.705 -15.286 
1855000.0 -14.584 -14.709 -15.293 
1882100.0 -14.588 -14.713 -15.3 
1909600.0 -14.592 -14.718 -15.309 
1937500.0 -14.595 -14.722 -15.314 
1965800.0 -14.599 -14.727 -15.324 
1994500.0 -14.603 -14.733 -15.335 
2023700.0 -14.607 -14.737 -15.35 
2053200.0 -14.611 -14.737 -15.355 
2083200.0 -14.616 -14.75 -15.353 
2113700.0 -14.62 -14.756 -15.363 
2144600.0 -14.624 -14.762 -15.366 
2175900.0 -14.628 -14.768 -15.372 
2207700.0 -14.633 -14.775 -15.383 
2240000.0 -14.64 -14.783 -15.389 
2272700.0 -14.647 -14.79 -15.401 
2305900.0 -14.653 -14.796 -15.409 
2339600.0 -14.661 -14.802 -15.413 
2373800.0 -14.667 -14.809 -15.416 
2408500.0 -14.676 -14.819 -15.42 
2443700.0 -14.686 -14.827 -15.426 
2479400.0 -14.696 -14.839 -15.43 
2515700.0 -14.71 -14.848 -15.434 
2552400.0 -14.725 -14.856 -15.427 
2589700.0 -14.734 -14.864 -15.415 
2627600.0 -14.743 -14.876 -15.404 
2666000.0 -14.753 -14.883 -15.396 
2704900.0 -14.763 -14.892 -15.389 
2744500.0 -14.775 -14.902 -15.382 
2784600.0 -14.789 -14.915 -15.378 
2825300.0 -14.807 -14.925 -15.376 
2866600.0 -14.833 -14.939 -15.374 
2908500.0 -14.899 -14.954 -15.372 
2951000.0 -14.949 -14.967 -15.371 
2994100.0 -14.956 -14.985 -15.369 
3037800.0 -14.951 -15.002 -15.369 
3082200.0 -15.159 -15.023 -15.369 
3127300.0 -15.09 -15.118 -15.365 
3173000.0 -15.05 -15.076 -15.359 
3219400.0 -15.037 -15.062 -15.35 
3266400.0 -15.033 -15.065 -15.341 
3314100.0 -15.001 -15.053 -15.327 
3362600.0 -14.98 -15.05 -15.31 
3411700.0 -14.969 -15.047 -15.29 
3461600.0 -14.96 -15.046 -15.266 
3512200.0 -14.961 -15.046 -15.235 
3563500.0 -14.954 -15.061 -15.197 
3615600.0 -14.975 -15.059 -15.16 
3668400.0 -15.006 -14.976 -15.108 
3722000.0 -15.059 -14.933 -15.076 
3776400.0 -15.13 -14.948 -15.049 
3831600.0 -15.196 -14.928 -15.026 
3887600.0 -15.257 -14.906 -15.007 
3944400.0 -15.324 -14.885 -14.989 
4002100.0 -15.349 -14.866 -14.972 
4060500.0 -15.294 -14.85 -14.96 
4119900.0 -15.144 -14.839 -14.949 
4180100.0 -15.055 -14.826 -14.937 
4241200.0 -15.063 -14.812 -14.926 
4303200.0 -15.078 -14.797 -14.92 
4366000.0 -15.088 -14.787 -14.915 
4429800.0 -15.088 -14.775 -14.91 
4494600.0 -15.072 -14.767 -14.906 
4560300.0 -15.041 -14.762 -14.903 
4626900.0 -15.004 -14.761 -14.903 
4694500.0 -14.962 -14.767 -14.904 
4763100.0 -14.916 -14.777 -14.903 
4832800.0 -14.866 -14.79 -14.907 
4903400.0 -14.816 -14.806 -14.913 
4975000.0 -14.767 -14.834 -14.918 
5047700.0 -14.719 -14.863 -14.922 
5121500.0 -14.674 -14.884 -14.955 
5196400.0 -14.632 -14.899 -14.966 
5272300.0 -14.591 -14.911 -14.974 
5349400.0 -14.548 -14.921 -14.983 
5427500.0 -14.507 -14.926 -14.994 
5506800.0 -14.476 -14.926 -15.008 
5587300.0 -14.449 -14.933 -15.026 
5669000.0 -14.424 -14.932 -15.049 
5751800.0 -14.403 -14.931 -15.079 
5835900.0 -14.375 -14.921 -15.115 
5921200.0 -14.351 -14.918 -15.158 
6007700.0 -14.323 -14.919 -15.21 
6095500.0 -14.3 -14.94 -15.254 
6184600.0 -14.275 -14.957 -15.295 
6275000.0 -14.251 -14.984 -15.301 
6366700.0 -14.225 -14.975 -15.252 
6459700.0 -14.203 -14.874 -15.118 
6554100.0 -14.178 -14.75 -14.966 
6649900.0 -14.155 -14.684 -14.718 
6747100.0 -14.133 -14.663 -14.443 
6845700.0 -14.11 -14.639 -14.208 
6945700.0 -14.088 -14.617 -14.058 
7047200.0 -14.068 -14.598 -14.007 
7150200.0 -14.049 -14.578 -13.982 
7254700.0 -14.03 -14.558 -13.959 
7360700.0 -14.012 -14.535 -13.936 
7468300.0 -13.994 -14.512 -13.914 
7577500.0 -13.976 -14.491 -13.894 
7688200.0 -13.959 -14.468 -13.871 
7800500.0 -13.941 -14.445 -13.851 
7914500.0 -13.924 -14.425 -13.831 
8030200.0 -13.905 -14.402 -13.813 
8147600.0 -13.887 -14.38 -13.794 
8266600.0 -13.869 -14.357 -13.776 
8387400.0 -13.852 -14.334 -13.759 
8510000.0 -13.835 -14.312 -13.743 
8634400.0 -13.817 -14.288 -13.726 
8760600.0 -13.8 -14.266 -13.71 
8888600.0 -13.785 -14.243 -13.695 
9018500.0 -13.768 -14.219 -13.681 
9150300.0 -13.752 -14.195 -13.666 
9284000.0 -13.736 -14.173 -13.653 
9419700.0 -13.72 -14.151 -13.637 
9557400.0 -13.703 -14.13 -13.621 
9697000.0 -13.687 -14.103 -13.604 
9838800.0 -13.673 -14.076 -13.588 
9982500.0 -13.658 -14.05 -13.573 
10128000.0 -13.65 -14.03 -13.557 
10276000.0 -13.638 -14.01 -13.542 
10427000.0 -13.631 -13.992 -13.525 
10579000.0 -13.625 -13.974 -13.51 
10734000.0 -13.622 -13.957 -13.495 
10890000.0 -13.619 -13.939 -13.478 
11050000.0 -13.618 -13.921 -13.463 
11211000.0 -13.618 -13.904 -13.448 
11375000.0 -13.616 -13.887 -13.432 
11541000.0 -13.615 -13.87 -13.418 
11710000.0 -13.614 -13.853 -13.401 
11881000.0 -13.612 -13.837 -13.387 
12055000.0 -13.611 -13.82 -13.371 
12231000.0 -13.608 -13.804 -13.356 
12410000.0 -13.605 -13.788 -13.341 
12591000.0 -13.601 -13.772 -13.326 
12775000.0 -13.593 -13.757 -13.311 
12962000.0 -13.584 -13.741 -13.296 
13151000.0 -13.574 -13.726 -13.281 
13343000.0 -13.563 -13.71 -13.266 
13538000.0 -13.551 -13.695 -13.251 
13736000.0 -13.538 -13.68 -13.237 
13937000.0 -13.525 -13.665 -13.222 
14140000.0 -13.511 -13.65 -13.208 
14347000.0 -13.496 -13.636 -13.193 
14557000.0 -13.482 -13.623 -13.179 
14770000.0 -13.47 -13.614 -13.165 
14985000.0 -13.456 -13.605 -13.15 
15204000.0 -13.44 -13.592 -13.136 
15427000.0 -13.424 -13.58 -13.121 
15652000.0 -13.407 -13.568 -13.106 
15881000.0 -13.392 -13.555 -13.093 
16113000.0 -13.377 -13.543 -13.078 
16348000.0 -13.362 -13.531 -13.064 
16587000.0 -13.348 -13.519 -13.049 
16830000.0 -13.334 -13.507 -13.034 
17076000.0 -13.32 -13.496 -13.02 
17325000.0 -13.306 -13.482 -13.004 
17578000.0 -13.292 -13.47 -12.989 
17835000.0 -13.28 -13.457 -12.975 
18096000.0 -13.267 -13.445 -12.96 
18360000.0 -13.254 -13.431 -12.945 
18629000.0 -13.242 -13.417 -12.929 
18901000.0 -13.23 -13.404 -12.913 
19177000.0 -13.217 -13.391 -12.898 
19457000.0 -13.206 -13.376 -12.881 
19742000.0 -13.195 -13.362 -12.865 
20030000.0 -13.183 -13.348 -12.849 
20323000.0 -13.171 -13.334 -12.832 
20620000.0 -13.161 -13.32 -12.815 
20921000.0 -13.149 -13.306 -12.797 
21227000.0 -13.138 -13.292 -12.778 
21537000.0 -13.129 -13.279 -12.761 
21852000.0 -13.117 -13.264 -12.744 
22171000.0 -13.109 -13.251 -12.733 
22495000.0 -13.098 -13.238 -12.72 
22824000.0 -13.088 -13.227 -12.709 
23158000.0 -13.078 -13.215 -12.697 
23496000.0 -13.068 -13.201 -12.688 
23839000.0 -13.057 -13.19 -12.677 
24188000.0 -13.046 -13.178 -12.668 
24541000.0 -13.038 -13.165 -12.658 
24900000.0 -13.029 -13.152 -12.648 
25264000.0 -13.02 -13.139 -12.639 
25633000.0 -13.007 -13.126 -12.63 
26008000.0 -12.999 -13.114 -12.622 
26388000.0 -12.989 -13.101 -12.612 
26773000.0 -12.98 -13.089 -12.604 
27165000.0 -12.97 -13.077 -12.596 
27562000.0 -12.963 -13.064 -12.587 
27964000.0 -12.952 -13.051 -12.579 
28373000.0 -12.945 -13.039 -12.571 
28788000.0 -12.937 -13.027 -12.564 
29209000.0 -12.928 -13.015 -12.557 
29635000.0 -12.917 -13.003 -12.548 
30068000.0 -12.908 -12.991 -12.542 
30508000.0 -12.899 -12.979 -12.535 
30954000.0 -12.89 -12.967 -12.528 
31406000.0 -12.885 -12.956 -12.521 
31865000.0 -12.875 -12.945 -12.514 
32331000.0 -12.868 -12.933 -12.508 
32803000.0 -12.861 -12.921 -12.501 
33283000.0 -12.857 -12.908 -12.495 
33769000.0 -12.849 -12.896 -12.49 
34263000.0 -12.844 -12.882 -12.483 
34763000.0 -12.836 -12.87 -12.477 
35271000.0 -12.829 -12.859 -12.472 
35787000.0 -12.821 -12.848 -12.467 
36310000.0 -12.809 -12.836 -12.463 
36840000.0 -12.801 -12.824 -12.458 
37379000.0 -12.793 -12.813 -12.453 
37925000.0 -12.784 -12.803 -12.449 
38479000.0 -12.774 -12.793 -12.445 
39042000.0 -12.766 -12.783 -12.441 
39612000.0 -12.756 -12.772 -12.438 
40191000.0 -12.75 -12.763 -12.434 
40778000.0 -12.738 -12.753 -12.431 
41374000.0 -12.731 -12.744 -12.428 
41979000.0 -12.719 -12.734 -12.425 
42593000.0 -12.712 -12.724 -12.423 
43215000.0 -12.703 -12.714 -12.422 
43847000.0 -12.692 -12.705 -12.42 
44487000.0 -12.682 -12.696 -12.42 
45137000.0 -12.67 -12.687 -12.419 
45797000.0 -12.66 -12.678 -12.419 
46466000.0 -12.649 -12.67 -12.419 
47145000.0 -12.642 -12.66 -12.42 
47834000.0 -12.628 -12.652 -12.417 
48534000.0 -12.618 -12.643 -12.412 
49243000.0 -12.607 -12.634 -12.408 
49962000.0 -12.595 -12.627 -12.404 
50693000.0 -12.586 -12.619 -12.4 
51433000.0 -12.576 -12.611 -12.396 
52185000.0 -12.567 -12.602 -12.387 
52948000.0 -12.557 -12.594 -12.381 
53722000.0 -12.549 -12.585 -12.374 
54507000.0 -12.54 -12.578 -12.366 
55303000.0 -12.53 -12.572 -12.357 
56111000.0 -12.52 -12.565 -12.348 
56931000.0 -12.512 -12.556 -12.341 
57763000.0 -12.502 -12.545 -12.33 
58608000.0 -12.492 -12.536 -12.321 
59464000.0 -12.482 -12.526 -12.311 
60333000.0 -12.475 -12.516 -12.301 
61215000.0 -12.466 -12.506 -12.29 
62109000.0 -12.456 -12.497 -12.279 
63017000.0 -12.447 -12.487 -12.267 
63938000.0 -12.438 -12.478 -12.255 
64872000.0 -12.429 -12.468 -12.242 
65821000.0 -12.421 -12.458 -12.228 
66782000.0 -12.412 -12.448 -12.214 
67758000.0 -12.401 -12.439 -12.203 
68749000.0 -12.391 -12.429 -12.192 
69753000.0 -12.381 -12.418 -12.181 
70773000.0 -12.37 -12.407 -12.169 
71807000.0 -12.36 -12.397 -12.157 
72856000.0 -12.351 -12.387 -12.146 
73921000.0 -12.342 -12.376 -12.134 
75001000.0 -12.332 -12.366 -12.125 
76098000.0 -12.324 -12.354 -12.115 
77210000.0 -12.316 -12.342 -12.104 
78338000.0 -12.307 -12.331 -12.093 
79483000.0 -12.298 -12.32 -12.085 
80644000.0 -12.292 -12.309 -12.073 
81823000.0 -12.28 -12.299 -12.063 
83019000.0 -12.274 -12.288 -12.053 
84232000.0 -12.265 -12.277 -12.042 
85463000.0 -12.256 -12.267 -12.033 
86712000.0 -12.246 -12.256 -12.021 
87979000.0 -12.239 -12.245 -12.011 
89265000.0 -12.231 -12.234 -12.001 
90569000.0 -12.223 -12.223 -11.99 
91893000.0 -12.215 -12.212 -11.979 
93236000.0 -12.206 -12.201 -11.969 
94599000.0 -12.198 -12.191 -11.959 
95981000.0 -12.189 -12.179 -11.949 
97384000.0 -12.183 -12.169 -11.938 
98807000.0 -12.175 -12.157 -11.927 
100250000.0 -12.165 -12.146 -11.915 
101720000.0 -12.158 -12.136 -11.905 
103200000.0 -12.153 -12.125 -11.895 
104710000.0 -12.144 -12.113 -11.884 
106240000.0 -12.137 -12.104 -11.873 
107790000.0 -12.128 -12.092 -11.862 
109370000.0 -12.121 -12.08 -11.852 
110970000.0 -12.112 -12.07 -11.841 
112590000.0 -12.104 -12.061 -11.83 
114230000.0 -12.096 -12.051 -11.818 
115900000.0 -12.087 -12.04 -11.808 
117600000.0 -12.08 -12.027 -11.796 
119320000.0 -12.072 -12.015 -11.784 
121060000.0 -12.064 -12.002 -11.772 
122830000.0 -12.055 -11.989 -11.76 
124620000.0 -12.047 -11.976 -11.748 
126450000.0 -12.037 -11.963 -11.735 
128290000.0 -12.029 -11.95 -11.723 
130170000.0 -12.019 -11.937 -11.71 
132070000.0 -12.011 -11.923 -11.698 
134000000.0 -12.002 -11.91 -11.685 
135960000.0 -11.994 -11.897 -11.674 
137950000.0 -11.984 -11.884 -11.661 
139960000.0 -11.975 -11.87 -11.648 
142010000.0 -11.97 -11.855 -11.634 
144080000.0 -11.961 -11.842 -11.622 
146190000.0 -11.949 -11.827 -11.607 
148320000.0 -11.945 -11.814 -11.593 
150490000.0 -11.932 -11.801 -11.579 
152690000.0 -11.927 -11.786 -11.566 
154920000.0 -11.914 -11.772 -11.552 
157190000.0 -11.909 -11.76 -11.541 
159480000.0 -11.9 -11.746 -11.529 
161810000.0 -11.892 -11.733 -11.516 
164180000.0 -11.878 -11.719 -11.504 
166580000.0 -11.87 -11.706 -11.497 
169010000.0 -11.861 -11.693 -11.488 
171480000.0 -11.856 -11.679 -11.479 
173990000.0 -11.843 -11.668 -11.471 
176530000.0 -11.836 -11.653 -11.463 
179110000.0 -11.823 -11.64 -11.454 
181730000.0 -11.813 -11.627 -11.444 
184390000.0 -11.803 -11.613 -11.434 
187080000.0 -11.791 -11.598 -11.425 
189810000.0 -11.783 -11.583 -11.415 
192590000.0 -11.77 -11.571 -11.405 
195400000.0 -11.763 -11.557 -11.393 
198260000.0 -11.751 -11.542 -11.382 
201160000.0 -11.741 -11.528 -11.371 
204100000.0 -11.729 -11.513 -11.361 
207080000.0 -11.715 -11.499 -11.349 
210100000.0 -11.705 -11.485 -11.338 
213180000.0 -11.693 -11.471 -11.327 
216290000.0 -11.681 -11.456 -11.315 
219450000.0 -11.673 -11.442 -11.303 
222660000.0 -11.663 -11.428 -11.291 
225910000.0 -11.656 -11.414 -11.28 
229210000.0 -11.647 -11.397 -11.268 
232560000.0 -11.638 -11.38 -11.255 
235960000.0 -11.63 -11.366 -11.242 
239410000.0 -11.62 -11.35 -11.231 
242910000.0 -11.612 -11.335 -11.217 
246460000.0 -11.604 -11.319 -11.206 
250060000.0 -11.596 -11.306 -11.193 
253720000.0 -11.587 -11.292 -11.18 
257420000.0 -11.581 -11.278 -11.168 
261190000.0 -11.573 -11.264 -11.154 
265000000.0 -11.565 -11.255 -11.141 
268880000.0 -11.558 -11.246 -11.128 
272800000.0 -11.552 -11.237 -11.113 
276790000.0 -11.544 -11.228 -11.1 
280840000.0 -11.538 -11.215 -11.085 
284940000.0 -11.532 -11.206 -11.071 
289110000.0 -11.516 -11.196 -11.058 
293330000.0 -11.509 -11.185 -11.043 
297620000.0 -11.504 -11.175 -11.028 
301970000.0 -11.496 -11.165 -11.013 
306380000.0 -11.487 -11.153 -10.999 
310860000.0 -11.474 -11.142 -10.983 
315400000.0 -11.462 -11.13 -10.967 
320010000.0 -11.45 -11.119 -10.954 
324690000.0 -11.436 -11.106 -10.938 
329430000.0 -11.424 -11.095 -10.922 
334250000.0 -11.412 -11.083 -10.907 
339130000.0 -11.401 -11.071 -10.891 
344090000.0 -11.389 -11.058 -10.875 
349110000.0 -11.378 -11.046 -10.86 
354220000.0 -11.366 -11.035 -10.844 
359390000.0 -11.354 -11.023 -10.828 
364650000.0 -11.344 -11.01 -10.811 
369970000.0 -11.334 -10.999 -10.796 
375380000.0 -11.322 -10.987 -10.78 
380870000.0 -11.313 -10.974 -10.763 
386430000.0 -11.301 -10.963 -10.748 
392080000.0 -11.29 -10.95 -10.731 
397810000.0 -11.279 -10.938 -10.714 
403620000.0 -11.268 -10.925 -10.698 
409520000.0 -11.256 -10.914 -10.68 
415510000.0 -11.246 -10.901 -10.666 
421580000.0 -11.236 -10.889 -10.647 
427740000.0 -11.225 -10.876 -10.629 
433990000.0 -11.215 -10.866 -10.614 
440330000.0 -11.204 -10.853 -10.596 
446770000.0 -11.194 -10.84 -10.58 
453300000.0 -11.184 -10.827 -10.562 
459920000.0 -11.174 -10.814 -10.544 
466640000.0 -11.162 -10.803 -10.528 
473460000.0 -11.149 -10.79 -10.509 
480380000.0 -11.134 -10.776 -10.49 
487400000.0 -11.119 -10.763 -10.473 
494530000.0 -11.105 -10.749 -10.454 
501750000.0 -11.09 -10.735 -10.435 
509090000.0 -11.074 -10.721 -10.418 
516530000.0 -11.06 -10.708 -10.399 
524080000.0 -11.044 -10.694 -10.38 
531730000.0 -11.028 -10.682 -10.361 
539510000.0 -11.011 -10.669 -10.341 
547390000.0 -10.997 -10.656 -10.323 
555390000.0 -10.981 -10.643 -10.302 
563510000.0 -10.966 -10.63 -10.285 
571740000.0 -10.949 -10.617 -10.263 
580100000.0 -10.93 -10.605 -10.243 
588570000.0 -10.913 -10.593 -10.222 
597180000.0 -10.892 -10.581 -10.202 
605900000.0 -10.873 -10.569 -10.186 
614760000.0 -10.852 -10.557 -10.166 
623740000.0 -10.832 -10.545 -10.144 
632860000.0 -10.812 -10.532 -10.123 
642110000.0 -10.79 -10.521 -10.104 
651490000.0 -10.772 -10.508 -10.083 
661010000.0 -10.755 -10.495 -10.062 
670670000.0 -10.74 -10.484 -10.042 
680470000.0 -10.724 -10.471 -10.022 
690420000.0 -10.709 -10.46 -10.002 
700510000.0 -10.692 -10.446 -9.984 
710740000.0 -10.677 -10.432 -9.965 
721130000.0 -10.662 -10.416 -9.945 
731670000.0 -10.648 -10.401 -9.924 
742360000.0 -10.634 -10.387 -9.904 
753210000.0 -10.62 -10.372 -9.885 
764220000.0 -10.607 -10.356 -9.865 
775390000.0 -10.593 -10.34 -9.845 
786720000.0 -10.58 -10.323 -9.826 
798220000.0 -10.57 -10.308 -9.806 
809880000.0 -10.558 -10.29 -9.787 
821720000.0 -10.548 -10.273 -9.766 
833730000.0 -10.537 -10.257 -9.747 
845910000.0 -10.522 -10.241 -9.727 
858270000.0 -10.509 -10.224 -9.708 
870820000.0 -10.495 -10.206 -9.687 
883540000.0 -10.481 -10.189 -9.668 
896450000.0 -10.468 -10.171 -9.649 
909550000.0 -10.455 -10.155 -9.629 
922850000.0 -10.441 -10.137 -9.61 
936330000.0 -10.429 -10.119 -9.59 
950020000.0 -10.418 -10.101 -9.571 
963900000.0 -10.404 -10.084 -9.551 
977990000.0 -10.394 -10.064 -9.532 
992280000.0 -10.383 -10.046 -9.512 
1006800000.0 -10.373 -10.028 -9.492 
1021500000.0 -10.363 -10.01 -9.473 
1036400000.0 -10.354 -9.992 -9.454 
1051600000.0 -10.346 -9.974 -9.436 
1066900000.0 -10.339 -9.956 -9.417 
1082500000.0 -10.33 -9.937 -9.398 
1098400000.0 -10.324 -9.923 -9.379 
1114400000.0 -10.32 -9.908 -9.362 
1130700000.0 -10.32 -9.893 -9.343 
1147200000.0 -10.313 -9.879 -9.325 
1164000000.0 -10.306 -9.866 -9.306 
1181000000.0 -10.299 -9.855 -9.288 
1198200000.0 -10.292 -9.843 -9.272 
1215800000.0 -10.285 -9.838 -9.256 
1233500000.0 -10.276 -9.828 -9.239 
1251600000.0 -10.267 -9.825 -9.225 
1269800000.0 -10.256 -9.816 -9.211 
1288400000.0 -10.24 -9.808 -9.197 
1307200000.0 -10.23 -9.802 -9.183 
1326300000.0 -10.222 -9.793 -9.17 
1345700000.0 -10.205 -9.784 -9.157 
1365400000.0 -10.186 -9.78 -9.145 
1385300000.0 -10.165 -9.775 -9.135 
1405600000.0 -10.14 -9.779 -9.12 
1426100000.0 -10.112 -9.804 -9.108 
1447000000.0 -10.068 -9.89 -9.097 
1468100000.0 -10.037 -9.576 -9.084 
1489600000.0 -10.015 -9.534 -9.073 
1511300000.0 -9.995 -9.497 -9.069 
1533400000.0 -9.976 -9.462 -9.05 
1555800000.0 -9.959 -9.437 -9.028 
1578600000.0 -9.943 -9.413 -9.003 
1601600000.0 -9.929 -9.39 -8.965 
1625000000.0 -9.918 -9.369 -8.892 
1648800000.0 -9.906 -9.353 -8.862 
1672900000.0 -9.895 -9.349 -8.837 
1697300000.0 -9.889 -9.328 -8.811 
1722100000.0 -9.883 -9.308 -8.788 
1747300000.0 -9.886 -9.287 -8.764 
1772800000.0 -9.876 -9.267 -8.741 
1798800000.0 -9.865 -9.247 -8.721 
1825000000.0 -9.853 -9.227 -8.704 
1851700000.0 -9.842 -9.205 -8.683 
1878800000.0 -9.829 -9.186 -8.662 
1906200000.0 -9.82 -9.168 -8.639 
1934100000.0 -9.808 -9.149 -8.619 
1962400000.0 -9.797 -9.13 -8.598 
1991000000.0 -9.783 -9.112 -8.579 
2020100000.0 -9.766 -9.091 -8.559 
2049700000.0 -9.75 -9.073 -8.539 
2079600000.0 -9.732 -9.054 -8.518 
2110000000.0 -9.713 -9.036 -8.5 
2140800000.0 -9.696 -9.016 -8.481 
2172100000.0 -9.683 -8.996 -8.462 
2203900000.0 -9.668 -8.978 -8.442 
2236100000.0 -9.654 -8.96 -8.424 
2268800000.0 -9.639 -8.945 -8.407 
2301900000.0 -9.626 -8.929 -8.388 
2335500000.0 -9.611 -8.912 -8.368 
2369700000.0 -9.597 -8.897 -8.348 
2404300000.0 -9.583 -8.883 -8.331 
2439400000.0 -9.569 -8.866 -8.312 
2475100000.0 -9.554 -8.848 -8.293 
2511300000.0 -9.54 -8.831 -8.275 
2548000000.0 -9.523 -8.815 -8.218 
2585200000.0 -9.508 -8.801 -8.237 
2623000000.0 -9.493 -8.787 -8.219 
2661300000.0 -9.479 -8.772 -8.199 
2700200000.0 -9.465 -8.759 -8.182 
2739700000.0 -9.451 -8.745 -8.163 
2779700000.0 -9.437 -8.73 -8.144 
2820300000.0 -9.423 -8.711 -8.125 
2861600000.0 -9.409 -8.695 -8.106 
2903400000.0 -9.394 -8.676 -8.089 
2945800000.0 -9.38 -8.659 -8.072 
2988900000.0 -9.365 -8.641 -8.054 
3032500000.0 -9.35 -8.626 -8.037 
3076900000.0 -9.336 -8.609 -8.02 
3121800000.0 -9.319 -8.596 -8.003 
3167400000.0 -9.303 -8.58 -7.984 
3213700000.0 -9.288 -8.565 -7.967 
3260700000.0 -9.274 -8.55 -7.95 
3308300000.0 -9.261 -8.537 -7.934 
3356700000.0 -9.247 -8.523 -7.921 
3405800000.0 -9.234 -8.511 -7.906 
3455500000.0 -9.219 -8.493 -7.89 
3506000000.0 -9.203 -8.48 -7.875 
3557300000.0 -9.186 -8.468 -7.86 
3609200000.0 -9.169 -8.459 -7.846 
3662000000.0 -9.154 -8.45 -7.831 
3715500000.0 -9.138 -8.44 -7.816 
3769800000.0 -9.121 -8.429 -7.8 
3824900000.0 -9.105 -8.418 -7.784 
3880800000.0 -9.09 -8.405 -7.766 
3937500000.0 -9.076 -8.392 -7.752 
3995100000.0 -9.061 -8.38 -7.736 
4053400000.0 -9.046 -8.367 -7.723 
4112700000.0 -9.032 -8.353 -7.709 
4172800000.0 -9.017 -8.341 -7.696 
4233800000.0 -9.003 -8.328 -7.682 
4295600000.0 -8.99 -8.315 -7.668 
4358400000.0 -8.977 -8.299 -7.656 
4422100000.0 -8.963 -8.285 -7.644 
4486700000.0 -8.948 -8.271 -7.635 
4552300000.0 -8.933 -8.257 -7.628 
4618800000.0 -8.92 -8.241 -7.619 
4686300000.0 -8.906 -8.225 -7.612 
4754800000.0 -8.89 -8.203 -7.599 
4824300000.0 -8.877 -8.185 -7.584 
4894800000.0 -8.862 -8.168 -7.568 
4966300000.0 -8.849 -8.152 -7.552 
5038900000.0 -8.833 -8.135 -7.536 
5112600000.0 -8.818 -8.122 -7.52 
5187300000.0 -8.803 -8.104 -7.505 
5263100000.0 -8.789 -8.09 -7.49 
5340000000.0 -8.774 -8.072 -7.473 
5418000000.0 -8.76 -8.055 -7.458 
5497200000.0 -8.745 -8.039 -7.44 
5577600000.0 -8.732 -8.025 -7.424 
5659100000.0 -8.716 -8.008 -7.408 
5741800000.0 -8.701 -7.991 -7.391 
5825700000.0 -8.688 -7.975 -7.375 
5910800000.0 -8.674 -7.956 -7.359 
5997200000.0 -8.66 -7.941 -7.343 
6084900000.0 -8.645 -7.925 -7.326 
6173800000.0 -8.631 -7.906 -7.311 
6264000000.0 -8.617 -7.889 -7.295 
6355500000.0 -8.604 -7.872 -7.279 
6448400000.0 -8.59 -7.853 -7.267 
6542700000.0 -8.577 -7.835 -7.253 
6638300000.0 -8.565 -7.818 -7.238 
6735300000.0 -8.548 -7.801 -7.222 
6833700000.0 -8.535 -7.785 -7.207 
6933600000.0 -8.521 -7.768 -7.193 
7034900000.0 -8.508 -7.752 -7.178 
7137700000.0 -8.493 -7.736 -7.164 
7242000000.0 -8.481 -7.719 -7.148 
7347900000.0 -8.466 -7.704 -7.131 
7455300000.0 -8.453 -7.689 -7.116 
7564200000.0 -8.438 -7.673 -7.1 
7674800000.0 -8.425 -7.66 -7.086 
7786900000.0 -8.413 -7.644 -7.068 
7900700000.0 -8.4 -7.628 -7.052 
8016200000.0 -8.384 -7.614 -7.036 
8133300000.0 -8.37 -7.599 -7.019 
8252200000.0 -8.358 -7.584 -7.004 
8372800000.0 -8.341 -7.574 -6.988 
8495200000.0 -8.327 -7.559 -6.971 
8619300000.0 -8.312 -7.545 -6.956 
8745300000.0 -8.301 -7.528 -6.941 
8873100000.0 -8.279 -7.513 -6.925 
9002800000.0 -8.272 -7.499 -6.912 
9134300000.0 -8.259 -7.486 -6.896 
9267800000.0 -8.24 -7.475 -6.881 
9403300000.0 -8.23 -7.475 -6.865 
9540700000.0 -8.208 -7.469 -6.849 
9680100000.0 -8.194 -7.453 -6.833 
9821600000.0 -8.185 -7.445 -6.817 
9965100000.0 -8.17 -7.426 -6.803 
10111000000.0 -8.156 -7.418 -6.786 
10258000000.0 -8.141 -7.404 -6.769 
10408000000.0 -8.125 -7.396 -6.755 
10561000000.0 -8.111 -7.378 -6.739 
10715000000.0 -8.096 -7.363 -6.723 
10871000000.0 -8.082 -7.352 -6.707 
11030000000.0 -8.068 -7.337 -6.692 
11192000000.0 -8.053 -7.326 -6.678 
11355000000.0 -8.036 -7.311 -6.662 
11521000000.0 -8.023 -7.299 -6.646 
11689000000.0 -8.001 -7.286 -6.632 
11860000000.0 -7.995 -7.272 -6.618 
12034000000.0 -7.967 -7.261 -6.603 
12209000000.0 -7.964 -7.245 -6.588 
12388000000.0 -7.95 -7.233 -6.574 
12569000000.0 -7.94 -7.22 -6.556 
12753000000.0 -7.927 -7.207 -6.536 
12939000000.0 -7.895 -7.194 -6.519 
13128000000.0 -7.893 -7.181 -6.502 
13320000000.0 -7.884 -7.168 -6.485 
13515000000.0 -7.873 -7.155 -6.471 
13712000000.0 -7.852 -7.147 -6.457 
13912000000.0 -7.841 -7.126 -6.441 
14116000000.0 -7.83 -7.12 -6.426 
14322000000.0 -7.817 -7.101 -6.41 
14531000000.0 -7.804 -7.086 -6.394 
14744000000.0 -7.79 -7.072 -6.379 
14959000000.0 -7.758 -7.06 -6.363 
15178000000.0 -7.767 -7.045 -6.349 
15400000000.0 -7.749 -7.029 -6.333 
15625000000.0 -7.728 -7.018 -6.317 
15853000000.0 -7.719 -7.001 -6.303 
16085000000.0 -7.723 -6.99 -6.287 
16320000000.0 -7.698 -6.972 -6.273 
16558000000.0 -7.694 -6.962 -6.257 
16800000000.0 -7.685 -6.948 -6.242 
17046000000.0 -7.672 -6.937 -6.228 
17295000000.0 -7.664 -6.92 -6.211 
17548000000.0 -7.647 -6.904 -6.198 
17804000000.0 -7.636 -6.892 -6.181 
18064000000.0 -7.629 -6.874 -6.167 
18328000000.0 -7.595 -6.864 -6.154 
18596000000.0 -7.611 -6.851 -6.14 
18868000000.0 -7.588 -6.832 -6.126 
19144000000.0 -7.584 -6.814 -6.116 
19423000000.0 -7.569 -6.803 -6.114 
19707000000.0 -7.562 -6.794 -6.101 
19995000000.0 -7.553 -6.769 -6.086 
