#METAL 0.0004 0.008 0.02 0.05 
10000.0 -13.881 -14.197 -14.14 -14.385 
10146.0 -13.881 -14.197 -14.14 -14.385 
10294.0 -13.881 -14.197 -14.14 -14.385 
10445.0 -13.881 -14.197 -14.14 -14.385 
10598.0 -13.881 -14.197 -14.14 -14.385 
10752.0 -13.881 -14.197 -14.14 -14.385 
10910.0 -13.881 -14.197 -14.14 -14.385 
11069.0 -13.881 -14.197 -14.14 -14.385 
11231.0 -13.881 -14.197 -14.14 -14.385 
11395.0 -13.881 -14.197 -14.14 -14.385 
11561.0 -13.881 -14.197 -14.14 -14.385 
11730.0 -13.881 -14.197 -14.14 -14.385 
11902.0 -13.881 -14.197 -14.14 -14.385 
12076.0 -13.881 -14.197 -14.14 -14.385 
12252.0 -13.881 -14.197 -14.14 -14.385 
12431.0 -13.881 -14.197 -14.14 -14.385 
12613.0 -13.881 -14.197 -14.14 -14.384 
12797.0 -13.881 -14.197 -14.14 -14.384 
12984.0 -13.881 -14.197 -14.14 -14.384 
13174.0 -13.881 -14.197 -14.14 -14.384 
13367.0 -13.881 -14.197 -14.14 -14.384 
13562.0 -13.881 -14.197 -14.14 -14.384 
13760.0 -13.881 -14.197 -14.14 -14.384 
13961.0 -13.881 -14.197 -14.14 -14.384 
14165.0 -13.881 -14.197 -14.14 -14.384 
14372.0 -13.881 -14.197 -14.14 -14.384 
14582.0 -13.881 -14.197 -14.14 -14.384 
14795.0 -13.881 -14.197 -14.14 -14.384 
15012.0 -13.881 -14.197 -14.14 -14.384 
15231.0 -13.882 -14.197 -14.14 -14.384 
15454.0 -13.882 -14.197 -14.14 -14.384 
15679.0 -13.882 -14.197 -14.14 -14.384 
15909.0 -13.882 -14.197 -14.14 -14.384 
16141.0 -13.882 -14.197 -14.14 -14.384 
16377.0 -13.882 -14.197 -14.14 -14.384 
16616.0 -13.882 -14.197 -14.14 -14.385 
16859.0 -13.882 -14.197 -14.14 -14.385 
17105.0 -13.882 -14.197 -14.14 -14.385 
17355.0 -13.882 -14.198 -14.14 -14.385 
17609.0 -13.882 -14.198 -14.14 -14.385 
17866.0 -13.882 -14.198 -14.14 -14.385 
18128.0 -13.882 -14.198 -14.14 -14.385 
18392.0 -13.882 -14.198 -14.14 -14.385 
18661.0 -13.882 -14.198 -14.14 -14.385 
18934.0 -13.882 -14.198 -14.14 -14.385 
19211.0 -13.882 -14.198 -14.141 -14.385 
19491.0 -13.882 -14.198 -14.141 -14.385 
19776.0 -13.882 -14.198 -14.141 -14.385 
20065.0 -13.883 -14.198 -14.141 -14.384 
20358.0 -13.883 -14.198 -14.141 -14.384 
20656.0 -13.883 -14.198 -14.141 -14.384 
20958.0 -13.883 -14.198 -14.141 -14.384 
21264.0 -13.883 -14.198 -14.141 -14.384 
21575.0 -13.883 -14.198 -14.141 -14.384 
21890.0 -13.883 -14.198 -14.141 -14.384 
22210.0 -13.883 -14.198 -14.142 -14.384 
22535.0 -13.883 -14.198 -14.142 -14.385 
22864.0 -13.883 -14.198 -14.142 -14.385 
23198.0 -13.883 -14.198 -14.142 -14.385 
23537.0 -13.883 -14.198 -14.142 -14.385 
23881.0 -13.883 -14.198 -14.142 -14.385 
24230.0 -13.883 -14.198 -14.142 -14.385 
24584.0 -13.883 -14.198 -14.142 -14.384 
24944.0 -13.883 -14.198 -14.142 -14.384 
25308.0 -13.883 -14.198 -14.142 -14.384 
25678.0 -13.883 -14.198 -14.142 -14.385 
26053.0 -13.883 -14.198 -14.142 -14.385 
26434.0 -13.883 -14.198 -14.142 -14.385 
26820.0 -13.883 -14.198 -14.142 -14.385 
27212.0 -13.883 -14.198 -14.142 -14.384 
27610.0 -13.883 -14.198 -14.142 -14.384 
28013.0 -13.883 -14.198 -14.142 -14.384 
28423.0 -13.883 -14.198 -14.142 -14.384 
28838.0 -13.883 -14.199 -14.142 -14.384 
29260.0 -13.884 -14.199 -14.142 -14.384 
29687.0 -13.884 -14.199 -14.142 -14.384 
30121.0 -13.884 -14.199 -14.142 -14.384 
30561.0 -13.884 -14.199 -14.142 -14.384 
31008.0 -13.884 -14.199 -14.142 -14.384 
31461.0 -13.884 -14.199 -14.142 -14.384 
31921.0 -13.884 -14.199 -14.142 -14.384 
32387.0 -13.884 -14.199 -14.142 -14.384 
32861.0 -13.884 -14.199 -14.142 -14.384 
33341.0 -13.884 -14.199 -14.142 -14.384 
33828.0 -13.884 -14.199 -14.142 -14.384 
34322.0 -13.884 -14.199 -14.142 -14.384 
34824.0 -13.884 -14.199 -14.142 -14.383 
35333.0 -13.884 -14.199 -14.142 -14.383 
35849.0 -13.884 -14.199 -14.142 -14.383 
36373.0 -13.884 -14.199 -14.142 -14.384 
36905.0 -13.884 -14.199 -14.142 -14.384 
37444.0 -13.884 -14.199 -14.142 -14.383 
37991.0 -13.884 -14.199 -14.142 -14.383 
38547.0 -13.885 -14.199 -14.142 -14.383 
39110.0 -13.885 -14.199 -14.142 -14.383 
39681.0 -13.885 -14.2 -14.142 -14.382 
40261.0 -13.885 -14.2 -14.142 -14.382 
40850.0 -13.885 -14.2 -14.142 -14.382 
41447.0 -13.885 -14.2 -14.142 -14.383 
42052.0 -13.885 -14.2 -14.143 -14.383 
42667.0 -13.885 -14.2 -14.143 -14.382 
43291.0 -13.885 -14.2 -14.143 -14.383 
43923.0 -13.885 -14.2 -14.143 -14.383 
44565.0 -13.885 -14.2 -14.143 -14.383 
45216.0 -13.885 -14.2 -14.143 -14.383 
45877.0 -13.885 -14.2 -14.143 -14.383 
46548.0 -13.885 -14.2 -14.143 -14.383 
47228.0 -13.885 -14.2 -14.143 -14.383 
47918.0 -13.886 -14.2 -14.143 -14.383 
48618.0 -13.886 -14.2 -14.143 -14.383 
49329.0 -13.886 -14.2 -14.143 -14.383 
50050.0 -13.886 -14.2 -14.143 -14.383 
50781.0 -13.886 -14.2 -14.143 -14.383 
51523.0 -13.886 -14.2 -14.143 -14.383 
52276.0 -13.886 -14.201 -14.143 -14.383 
53040.0 -13.886 -14.201 -14.143 -14.383 
53816.0 -13.886 -14.201 -14.143 -14.383 
54602.0 -13.886 -14.201 -14.143 -14.384 
55400.0 -13.886 -14.201 -14.143 -14.384 
56210.0 -13.886 -14.201 -14.143 -14.384 
57031.0 -13.886 -14.201 -14.143 -14.384 
57864.0 -13.887 -14.201 -14.144 -14.384 
58710.0 -13.887 -14.201 -14.144 -14.384 
59568.0 -13.887 -14.201 -14.144 -14.384 
60439.0 -13.887 -14.201 -14.144 -14.384 
61322.0 -13.887 -14.201 -14.145 -14.384 
62218.0 -13.887 -14.201 -14.145 -14.384 
63127.0 -13.887 -14.201 -14.145 -14.384 
64050.0 -13.887 -14.202 -14.145 -14.384 
64986.0 -13.887 -14.202 -14.145 -14.384 
65936.0 -13.887 -14.202 -14.145 -14.384 
66899.0 -13.888 -14.202 -14.145 -14.384 
67877.0 -13.888 -14.202 -14.145 -14.384 
68869.0 -13.888 -14.202 -14.145 -14.384 
69875.0 -13.888 -14.202 -14.145 -14.384 
70897.0 -13.888 -14.202 -14.145 -14.384 
71933.0 -13.888 -14.202 -14.145 -14.384 
72984.0 -13.888 -14.202 -14.145 -14.384 
74050.0 -13.888 -14.202 -14.145 -14.385 
75133.0 -13.888 -14.203 -14.146 -14.384 
76231.0 -13.889 -14.203 -14.146 -14.384 
77345.0 -13.889 -14.203 -14.146 -14.385 
78475.0 -13.889 -14.203 -14.146 -14.384 
79622.0 -13.889 -14.203 -14.146 -14.385 
80785.0 -13.889 -14.204 -14.146 -14.384 
81966.0 -13.889 -14.204 -14.146 -14.384 
83164.0 -13.889 -14.204 -14.146 -14.384 
84379.0 -13.889 -14.204 -14.146 -14.384 
85612.0 -13.89 -14.204 -14.146 -14.385 
86864.0 -13.89 -14.204 -14.146 -14.385 
88133.0 -13.89 -14.204 -14.147 -14.385 
89421.0 -13.89 -14.205 -14.147 -14.385 
90728.0 -13.89 -14.205 -14.147 -14.385 
92054.0 -13.89 -14.205 -14.147 -14.385 
93399.0 -13.89 -14.205 -14.147 -14.385 
94764.0 -13.89 -14.205 -14.147 -14.386 
96149.0 -13.891 -14.205 -14.147 -14.386 
97554.0 -13.891 -14.205 -14.147 -14.386 
98980.0 -13.891 -14.205 -14.147 -14.386 
100430.0 -13.891 -14.206 -14.148 -14.387 
101890.0 -13.891 -14.206 -14.149 -14.387 
103380.0 -13.891 -14.206 -14.149 -14.387 
104890.0 -13.892 -14.206 -14.149 -14.387 
106430.0 -13.892 -14.206 -14.149 -14.387 
107980.0 -13.892 -14.207 -14.149 -14.387 
109560.0 -13.892 -14.207 -14.149 -14.387 
111160.0 -13.892 -14.207 -14.149 -14.387 
112790.0 -13.892 -14.207 -14.15 -14.387 
114430.0 -13.893 -14.208 -14.15 -14.387 
116110.0 -13.893 -14.208 -14.15 -14.387 
117800.0 -13.893 -14.209 -14.15 -14.388 
119520.0 -13.893 -14.209 -14.15 -14.388 
121270.0 -13.893 -14.209 -14.15 -14.388 
123040.0 -13.894 -14.209 -14.15 -14.388 
124840.0 -13.894 -14.209 -14.152 -14.388 
126670.0 -13.894 -14.209 -14.152 -14.388 
128520.0 -13.894 -14.209 -14.152 -14.388 
130400.0 -13.894 -14.21 -14.152 -14.388 
132300.0 -13.895 -14.21 -14.152 -14.388 
134240.0 -13.895 -14.21 -14.152 -14.389 
136200.0 -13.895 -14.21 -14.152 -14.39 
138190.0 -13.895 -14.21 -14.153 -14.389 
140210.0 -13.895 -14.21 -14.153 -14.39 
142260.0 -13.895 -14.211 -14.154 -14.39 
144330.0 -13.896 -14.212 -14.154 -14.39 
146440.0 -13.896 -14.212 -14.154 -14.391 
148580.0 -13.896 -14.212 -14.154 -14.391 
150760.0 -13.896 -14.212 -14.154 -14.391 
152960.0 -13.897 -14.212 -14.155 -14.391 
155190.0 -13.897 -14.213 -14.155 -14.391 
157460.0 -13.897 -14.213 -14.155 -14.391 
159760.0 -13.897 -14.213 -14.156 -14.391 
162100.0 -13.898 -14.213 -14.156 -14.392 
164470.0 -13.898 -14.213 -14.156 -14.392 
166870.0 -13.898 -14.214 -14.157 -14.392 
169310.0 -13.898 -14.214 -14.157 -14.392 
171780.0 -13.899 -14.214 -14.157 -14.392 
174290.0 -13.899 -14.214 -14.157 -14.392 
176840.0 -13.899 -14.215 -14.157 -14.393 
179430.0 -13.899 -14.215 -14.158 -14.393 
182050.0 -13.9 -14.215 -14.158 -14.393 
184710.0 -13.9 -14.215 -14.158 -14.393 
187410.0 -13.9 -14.216 -14.158 -14.394 
190150.0 -13.901 -14.216 -14.159 -14.394 
192930.0 -13.901 -14.216 -14.16 -14.393 
195740.0 -13.901 -14.216 -14.16 -14.394 
198610.0 -13.902 -14.218 -14.16 -14.394 
201510.0 -13.902 -14.218 -14.16 -14.393 
204450.0 -13.901 -14.218 -14.161 -14.393 
207440.0 -13.901 -14.219 -14.161 -14.394 
210470.0 -13.902 -14.219 -14.162 -14.395 
213550.0 -13.902 -14.219 -14.162 -14.396 
216670.0 -13.902 -14.219 -14.163 -14.397 
219840.0 -13.903 -14.22 -14.163 -14.397 
223050.0 -13.903 -14.22 -14.163 -14.398 
226310.0 -13.903 -14.22 -14.163 -14.399 
229610.0 -13.904 -14.221 -14.164 -14.399 
232970.0 -13.904 -14.221 -14.164 -14.4 
236380.0 -13.905 -14.221 -14.164 -14.401 
239830.0 -13.905 -14.222 -14.164 -14.401 
243330.0 -13.905 -14.222 -14.165 -14.402 
246890.0 -13.906 -14.222 -14.166 -14.403 
250500.0 -13.906 -14.223 -14.166 -14.402 
254160.0 -13.906 -14.223 -14.167 -14.403 
257870.0 -13.907 -14.223 -14.167 -14.404 
261640.0 -13.907 -14.224 -14.167 -14.403 
265470.0 -13.908 -14.224 -14.168 -14.405 
269350.0 -13.908 -14.225 -14.168 -14.405 
273280.0 -13.909 -14.226 -14.169 -14.405 
277280.0 -13.909 -14.226 -14.17 -14.405 
281330.0 -13.909 -14.227 -14.17 -14.406 
285440.0 -13.91 -14.227 -14.17 -14.405 
289610.0 -13.91 -14.227 -14.171 -14.407 
293840.0 -13.911 -14.228 -14.171 -14.407 
298140.0 -13.911 -14.228 -14.171 -14.407 
302490.0 -13.912 -14.229 -14.173 -14.407 
306920.0 -13.912 -14.229 -14.173 -14.409 
311400.0 -13.913 -14.23 -14.173 -14.41 
315950.0 -13.913 -14.231 -14.174 -14.411 
320570.0 -13.914 -14.231 -14.175 -14.412 
325250.0 -13.914 -14.232 -14.175 -14.412 
330010.0 -13.915 -14.232 -14.176 -14.414 
334830.0 -13.915 -14.233 -14.177 -14.415 
339720.0 -13.916 -14.233 -14.177 -14.416 
344690.0 -13.916 -14.234 -14.177 -14.416 
349730.0 -13.917 -14.234 -14.178 -14.417 
354840.0 -13.917 -14.235 -14.178 -14.418 
360020.0 -13.918 -14.235 -14.179 -14.42 
365280.0 -13.918 -14.236 -14.18 -14.42 
370620.0 -13.919 -14.236 -14.18 -14.421 
376040.0 -13.92 -14.237 -14.181 -14.421 
381530.0 -13.92 -14.237 -14.182 -14.421 
387110.0 -13.921 -14.238 -14.183 -14.423 
392770.0 -13.921 -14.238 -14.183 -14.423 
398510.0 -13.922 -14.239 -14.185 -14.424 
404330.0 -13.923 -14.239 -14.185 -14.425 
410240.0 -13.923 -14.24 -14.187 -14.425 
416230.0 -13.924 -14.24 -14.187 -14.426 
422320.0 -13.925 -14.242 -14.188 -14.427 
428490.0 -13.925 -14.243 -14.189 -14.427 
434750.0 -13.926 -14.243 -14.19 -14.428 
441100.0 -13.927 -14.244 -14.191 -14.428 
447550.0 -13.927 -14.244 -14.192 -14.43 
454090.0 -13.928 -14.245 -14.192 -14.43 
460730.0 -13.929 -14.246 -14.193 -14.43 
467460.0 -13.93 -14.246 -14.194 -14.431 
474290.0 -13.93 -14.247 -14.195 -14.432 
481220.0 -13.932 -14.248 -14.196 -14.433 
488260.0 -13.932 -14.248 -14.195 -14.433 
495390.0 -13.933 -14.249 -14.196 -14.434 
502630.0 -13.934 -14.25 -14.197 -14.435 
509980.0 -13.935 -14.251 -14.199 -14.438 
517430.0 -13.936 -14.252 -14.2 -14.439 
524990.0 -13.936 -14.253 -14.201 -14.441 
532660.0 -13.937 -14.254 -14.202 -14.443 
540450.0 -13.938 -14.255 -14.202 -14.445 
548350.0 -13.939 -14.255 -14.202 -14.448 
556360.0 -13.94 -14.257 -14.203 -14.449 
564490.0 -13.941 -14.258 -14.206 -14.451 
572740.0 -13.942 -14.259 -14.206 -14.451 
581110.0 -13.943 -14.259 -14.207 -14.452 
589600.0 -13.944 -14.26 -14.207 -14.453 
598220.0 -13.945 -14.261 -14.209 -14.455 
606960.0 -13.945 -14.262 -14.21 -14.455 
615830.0 -13.946 -14.263 -14.214 -14.455 
624830.0 -13.948 -14.264 -14.217 -14.456 
633960.0 -13.949 -14.265 -14.219 -14.457 
643230.0 -13.95 -14.266 -14.221 -14.458 
652630.0 -13.951 -14.266 -14.223 -14.458 
662170.0 -13.952 -14.267 -14.225 -14.459 
671840.0 -13.953 -14.268 -14.227 -14.46 
681660.0 -13.954 -14.27 -14.229 -14.461 
691620.0 -13.955 -14.271 -14.23 -14.461 
701730.0 -13.956 -14.272 -14.232 -14.462 
711990.0 -13.958 -14.273 -14.233 -14.462 
722390.0 -13.959 -14.274 -14.236 -14.463 
732950.0 -13.96 -14.275 -14.237 -14.464 
743660.0 -13.961 -14.276 -14.24 -14.465 
754530.0 -13.961 -14.277 -14.241 -14.465 
765560.0 -13.963 -14.278 -14.244 -14.466 
776740.0 -13.965 -14.279 -14.245 -14.467 
788100.0 -13.966 -14.28 -14.246 -14.468 
799610.0 -13.968 -14.281 -14.249 -14.468 
811300.0 -13.969 -14.283 -14.25 -14.468 
823150.0 -13.97 -14.284 -14.252 -14.469 
835180.0 -13.972 -14.286 -14.254 -14.473 
847390.0 -13.973 -14.287 -14.257 -14.48 
859770.0 -13.974 -14.288 -14.26 -14.487 
872340.0 -13.976 -14.29 -14.262 -14.491 
885090.0 -13.977 -14.291 -14.264 -14.494 
898020.0 -13.979 -14.293 -14.267 -14.498 
911150.0 -13.98 -14.294 -14.269 -14.5 
924460.0 -13.981 -14.295 -14.271 -14.507 
937970.0 -13.983 -14.296 -14.273 -14.51 
951680.0 -13.984 -14.298 -14.275 -14.515 
965590.0 -13.986 -14.299 -14.277 -14.515 
979700.0 -13.987 -14.3 -14.279 -14.516 
994020.0 -13.989 -14.303 -14.28 -14.522 
1008500.0 -13.991 -14.304 -14.282 -14.524 
1023300.0 -13.992 -14.306 -14.279 -14.53 
1038200.0 -13.994 -14.307 -14.282 -14.532 
1053400.0 -13.996 -14.31 -14.291 -14.539 
1068800.0 -13.998 -14.311 -14.294 -14.543 
1084400.0 -14.0 -14.312 -14.303 -14.545 
1100300.0 -14.002 -14.314 -14.309 -14.548 
1116400.0 -14.004 -14.315 -14.314 -14.55 
1132700.0 -14.006 -14.317 -14.319 -14.55 
1149200.0 -14.008 -14.319 -14.333 -14.552 
1166000.0 -14.01 -14.321 -14.339 -14.556 
1183100.0 -14.012 -14.323 -14.347 -14.565 
1200300.0 -14.014 -14.325 -14.356 -14.572 
1217900.0 -14.016 -14.328 -14.362 -14.58 
1235700.0 -14.018 -14.33 -14.369 -14.584 
1253700.0 -14.02 -14.332 -14.371 -14.592 
1272100.0 -14.023 -14.335 -14.377 -14.598 
1290700.0 -14.025 -14.337 -14.385 -14.602 
1309500.0 -14.027 -14.339 -14.39 -14.605 
1328700.0 -14.03 -14.342 -14.395 -14.611 
1348100.0 -14.032 -14.345 -14.399 -14.611 
1367800.0 -14.033 -14.348 -14.404 -14.616 
1387800.0 -14.036 -14.35 -14.41 -14.619 
1408000.0 -14.038 -14.353 -14.412 -14.627 
1428600.0 -14.041 -14.357 -14.417 -14.635 
1449500.0 -14.044 -14.359 -14.425 -14.644 
1470700.0 -14.048 -14.362 -14.428 -14.652 
1492200.0 -14.049 -14.366 -14.434 -14.664 
1514000.0 -14.052 -14.372 -14.44 -14.673 
1536100.0 -14.055 -14.375 -14.445 -14.68 
1558600.0 -14.059 -14.377 -14.448 -14.692 
1581300.0 -14.062 -14.38 -14.451 -14.699 
1604400.0 -14.065 -14.383 -14.46 -14.709 
1627900.0 -14.067 -14.385 -14.464 -14.718 
1651700.0 -14.07 -14.388 -14.47 -14.729 
1675800.0 -14.073 -14.392 -14.476 -14.738 
1700300.0 -14.076 -14.396 -14.479 -14.75 
1725200.0 -14.08 -14.4 -14.484 -14.76 
1750400.0 -14.083 -14.404 -14.491 -14.768 
1775900.0 -14.086 -14.407 -14.494 -14.776 
1801900.0 -14.09 -14.412 -14.5 -14.784 
1828200.0 -14.093 -14.415 -14.503 -14.796 
1855000.0 -14.097 -14.419 -14.507 -14.802 
1882100.0 -14.1 -14.424 -14.513 -14.81 
1909600.0 -14.104 -14.429 -14.518 -14.818 
1937500.0 -14.108 -14.433 -14.524 -14.824 
1965800.0 -14.112 -14.438 -14.526 -14.834 
1994500.0 -14.116 -14.444 -14.531 -14.844 
2023700.0 -14.12 -14.448 -14.537 -14.86 
2053200.0 -14.124 -14.448 -14.543 -14.865 
2083200.0 -14.128 -14.461 -14.55 -14.863 
2113700.0 -14.132 -14.467 -14.555 -14.873 
2144600.0 -14.136 -14.473 -14.57 -14.877 
2175900.0 -14.141 -14.479 -14.584 -14.883 
2207700.0 -14.145 -14.486 -14.596 -14.893 
2240000.0 -14.152 -14.494 -14.609 -14.9 
2272700.0 -14.159 -14.501 -14.62 -14.91 
2305900.0 -14.164 -14.507 -14.63 -14.92 
2339600.0 -14.172 -14.513 -14.64 -14.924 
2373800.0 -14.179 -14.52 -14.647 -14.927 
2408500.0 -14.187 -14.53 -14.654 -14.932 
2443700.0 -14.196 -14.538 -14.663 -14.937 
2479400.0 -14.206 -14.55 -14.672 -14.941 
2515700.0 -14.22 -14.559 -14.678 -14.946 
2552400.0 -14.234 -14.567 -14.687 -14.94 
2589700.0 -14.243 -14.575 -14.698 -14.929 
2627600.0 -14.252 -14.587 -14.705 -14.92 
2666000.0 -14.262 -14.594 -14.716 -14.912 
2704900.0 -14.272 -14.603 -14.725 -14.905 
2744500.0 -14.283 -14.613 -14.737 -14.9 
2784600.0 -14.296 -14.626 -14.746 -14.896 
2825300.0 -14.314 -14.636 -14.754 -14.895 
2866600.0 -14.34 -14.649 -14.768 -14.895 
2908500.0 -14.402 -14.665 -14.774 -14.892 
2951000.0 -14.452 -14.678 -14.782 -14.891 
2994100.0 -14.458 -14.696 -14.791 -14.891 
3037800.0 -14.454 -14.713 -14.789 -14.89 
3082200.0 -14.655 -14.734 -14.777 -14.891 
3127300.0 -14.589 -14.829 -14.77 -14.888 
3173000.0 -14.551 -14.787 -14.759 -14.883 
3219400.0 -14.539 -14.773 -14.747 -14.875 
3266400.0 -14.535 -14.776 -14.735 -14.866 
3314100.0 -14.504 -14.764 -14.726 -14.853 
3362600.0 -14.485 -14.761 -14.716 -14.837 
3411700.0 -14.475 -14.758 -14.707 -14.817 
3461600.0 -14.467 -14.757 -14.698 -14.795 
3512200.0 -14.468 -14.757 -14.689 -14.764 
3563500.0 -14.462 -14.772 -14.681 -14.728 
3615600.0 -14.483 -14.771 -14.692 -14.692 
3668400.0 -14.514 -14.687 -14.678 -14.641 
3722000.0 -14.566 -14.644 -14.664 -14.611 
3776400.0 -14.635 -14.659 -14.661 -14.585 
3831600.0 -14.701 -14.639 -14.659 -14.563 
3887600.0 -14.76 -14.617 -14.657 -14.545 
3944400.0 -14.827 -14.596 -14.654 -14.528 
4002100.0 -14.852 -14.578 -14.651 -14.512 
4060500.0 -14.799 -14.562 -14.649 -14.5 
4119900.0 -14.653 -14.551 -14.644 -14.489 
4180100.0 -14.567 -14.537 -14.633 -14.479 
4241200.0 -14.575 -14.523 -14.622 -14.468 
4303200.0 -14.59 -14.508 -14.609 -14.462 
4366000.0 -14.601 -14.498 -14.592 -14.458 
4429800.0 -14.602 -14.486 -14.558 -14.454 
4494600.0 -14.587 -14.478 -14.499 -14.449 
4560300.0 -14.557 -14.473 -14.465 -14.448 
4626900.0 -14.522 -14.473 -14.431 -14.447 
4694500.0 -14.482 -14.478 -14.409 -14.449 
4763100.0 -14.437 -14.488 -14.393 -14.449 
4832800.0 -14.389 -14.501 -14.38 -14.453 
4903400.0 -14.34 -14.517 -14.37 -14.459 
4975000.0 -14.292 -14.545 -14.361 -14.464 
5047700.0 -14.246 -14.573 -14.354 -14.468 
5121500.0 -14.203 -14.595 -14.346 -14.502 
5196400.0 -14.163 -14.61 -14.341 -14.513 
5272300.0 -14.122 -14.622 -14.333 -14.52 
5349400.0 -14.081 -14.632 -14.324 -14.53 
5427500.0 -14.042 -14.637 -14.319 -14.542 
5506800.0 -14.011 -14.638 -14.316 -14.555 
5587300.0 -13.986 -14.644 -14.316 -14.573 
5669000.0 -13.962 -14.644 -14.317 -14.597 
5751800.0 -13.942 -14.642 -14.337 -14.627 
5835900.0 -13.915 -14.632 -14.364 -14.663 
5921200.0 -13.892 -14.629 -14.395 -14.707 
6007700.0 -13.866 -14.63 -14.419 -14.757 
6095500.0 -13.842 -14.651 -14.434 -14.801 
6184600.0 -13.818 -14.668 -14.422 -14.843 
6275000.0 -13.797 -14.696 -14.416 -14.849 
6366700.0 -13.772 -14.686 -14.408 -14.801 
6459700.0 -13.749 -14.585 -14.402 -14.669 
6554100.0 -13.725 -14.462 -14.393 -14.52 
6649900.0 -13.703 -14.395 -14.393 -14.277 
6747100.0 -13.683 -14.374 -14.386 -14.007 
6845700.0 -13.66 -14.35 -14.375 -13.778 
6945700.0 -13.639 -14.328 -14.361 -13.632 
7047200.0 -13.62 -14.309 -14.328 -13.582 
7150200.0 -13.602 -14.289 -14.296 -13.558 
7254700.0 -13.583 -14.269 -14.243 -13.534 
7360700.0 -13.566 -14.246 -14.179 -13.513 
7468300.0 -13.549 -14.223 -14.109 -13.492 
7577500.0 -13.532 -14.202 -14.041 -13.472 
7688200.0 -13.517 -14.179 -13.957 -13.449 
7800500.0 -13.499 -14.156 -13.886 -13.431 
7914500.0 -13.482 -14.136 -13.813 -13.411 
8030200.0 -13.464 -14.113 -13.751 -13.393 
8147600.0 -13.446 -14.091 -13.686 -13.375 
8266600.0 -13.429 -14.068 -13.629 -13.358 
8387400.0 -13.413 -14.045 -13.575 -13.341 
8510000.0 -13.396 -14.023 -13.528 -13.325 
8634400.0 -13.38 -13.999 -13.488 -13.309 
8760600.0 -13.363 -13.977 -13.452 -13.294 
8888600.0 -13.349 -13.954 -13.422 -13.28 
9018500.0 -13.333 -13.93 -13.402 -13.266 
9150300.0 -13.318 -13.906 -13.387 -13.252 
9284000.0 -13.302 -13.884 -13.376 -13.239 
9419700.0 -13.286 -13.862 -13.368 -13.223 
9557400.0 -13.271 -13.841 -13.359 -13.207 
9697000.0 -13.255 -13.815 -13.353 -13.192 
9838800.0 -13.242 -13.787 -13.345 -13.177 
9982500.0 -13.228 -13.761 -13.338 -13.161 
10128000.0 -13.219 -13.741 -13.331 -13.146 
10276000.0 -13.209 -13.721 -13.325 -13.131 
10427000.0 -13.201 -13.703 -13.321 -13.116 
10579000.0 -13.195 -13.685 -13.315 -13.101 
10734000.0 -13.194 -13.668 -13.31 -13.085 
10890000.0 -13.191 -13.65 -13.306 -13.07 
11050000.0 -13.19 -13.632 -13.301 -13.055 
11211000.0 -13.19 -13.615 -13.294 -13.04 
11375000.0 -13.189 -13.598 -13.292 -13.025 
11541000.0 -13.188 -13.581 -13.285 -13.011 
11710000.0 -13.187 -13.564 -13.28 -12.996 
11881000.0 -13.186 -13.548 -13.274 -12.981 
12055000.0 -13.185 -13.532 -13.266 -12.966 
12231000.0 -13.183 -13.515 -13.259 -12.951 
12410000.0 -13.18 -13.499 -13.248 -12.938 
12591000.0 -13.176 -13.483 -13.238 -12.922 
12775000.0 -13.17 -13.468 -13.227 -12.908 
12962000.0 -13.16 -13.452 -13.217 -12.893 
13151000.0 -13.15 -13.437 -13.203 -12.879 
13343000.0 -13.14 -13.422 -13.182 -12.864 
13538000.0 -13.129 -13.406 -13.16 -12.85 
13736000.0 -13.116 -13.392 -13.138 -12.836 
13937000.0 -13.104 -13.375 -13.117 -12.822 
14140000.0 -13.09 -13.361 -13.095 -12.807 
14347000.0 -13.077 -13.347 -13.073 -12.793 
14557000.0 -13.063 -13.334 -13.052 -12.779 
14770000.0 -13.051 -13.326 -13.03 -12.765 
14985000.0 -13.038 -13.316 -12.877 -12.751 
15204000.0 -13.023 -13.304 -12.866 -12.738 
15427000.0 -13.006 -13.291 -12.852 -12.723 
15652000.0 -12.991 -13.279 -12.84 -12.71 
15881000.0 -12.977 -13.266 -12.827 -12.696 
16113000.0 -12.962 -13.254 -12.815 -12.682 
16348000.0 -12.948 -13.242 -12.886 -12.667 
16587000.0 -12.934 -13.23 -12.867 -12.654 
16830000.0 -12.92 -13.218 -12.849 -12.639 
17076000.0 -12.907 -13.207 -12.829 -12.625 
17325000.0 -12.893 -13.193 -12.812 -12.611 
17578000.0 -12.881 -13.182 -12.793 -12.595 
17835000.0 -12.869 -13.168 -12.776 -12.581 
18096000.0 -12.856 -13.155 -12.759 -12.567 
18360000.0 -12.843 -13.143 -12.742 -12.552 
18629000.0 -12.832 -13.128 -12.729 -12.537 
18901000.0 -12.821 -13.115 -12.717 -12.522 
19177000.0 -12.807 -13.102 -12.706 -12.507 
19457000.0 -12.798 -13.088 -12.693 -12.491 
19742000.0 -12.786 -13.073 -12.682 -12.474 
20030000.0 -12.776 -13.06 -12.671 -12.458 
20323000.0 -12.764 -13.045 -12.659 -12.442 
20620000.0 -12.755 -13.031 -12.648 -12.427 
20921000.0 -12.743 -13.018 -12.607 -12.409 
21227000.0 -12.733 -13.004 -12.625 -12.391 
21537000.0 -12.724 -12.99 -12.616 -12.374 
21852000.0 -12.713 -12.975 -12.573 -12.357 
22171000.0 -12.705 -12.962 -12.593 -12.345 
22495000.0 -12.694 -12.949 -12.583 -12.334 
22824000.0 -12.685 -12.938 -12.571 -12.322 
23158000.0 -12.675 -12.925 -12.561 -12.311 
23496000.0 -12.665 -12.913 -12.55 -12.302 
23839000.0 -12.655 -12.901 -12.54 -12.293 
24188000.0 -12.645 -12.888 -12.529 -12.283 
24541000.0 -12.638 -12.876 -12.519 -12.273 
24900000.0 -12.629 -12.863 -12.509 -12.264 
25264000.0 -12.619 -12.85 -12.499 -12.255 
25633000.0 -12.608 -12.838 -12.488 -12.247 
26008000.0 -12.6 -12.825 -12.479 -12.239 
26388000.0 -12.59 -12.812 -12.47 -12.229 
26773000.0 -12.581 -12.8 -12.459 -12.221 
27165000.0 -12.573 -12.788 -12.449 -12.213 
27562000.0 -12.565 -12.775 -12.439 -12.205 
27964000.0 -12.556 -12.763 -12.43 -12.197 
28373000.0 -12.548 -12.75 -12.421 -12.19 
28788000.0 -12.541 -12.738 -12.411 -12.182 
29209000.0 -12.532 -12.726 -12.402 -12.175 
29635000.0 -12.521 -12.715 -12.391 -12.167 
30068000.0 -12.514 -12.703 -12.383 -12.16 
30508000.0 -12.505 -12.69 -12.374 -12.153 
30954000.0 -12.496 -12.679 -12.365 -12.147 
31406000.0 -12.491 -12.668 -12.355 -12.141 
31865000.0 -12.482 -12.656 -12.347 -12.133 
32331000.0 -12.475 -12.644 -12.341 -12.128 
32803000.0 -12.468 -12.632 -12.333 -12.121 
33283000.0 -12.465 -12.62 -12.326 -12.116 
33769000.0 -12.457 -12.607 -12.319 -12.111 
34263000.0 -12.452 -12.593 -12.312 -12.104 
34763000.0 -12.445 -12.581 -12.305 -12.099 
35271000.0 -12.438 -12.57 -12.299 -12.094 
35787000.0 -12.431 -12.559 -12.292 -12.089 
36310000.0 -12.419 -12.546 -12.286 -12.085 
36840000.0 -12.412 -12.536 -12.279 -12.08 
37379000.0 -12.403 -12.525 -12.273 -12.075 
37925000.0 -12.395 -12.514 -12.268 -12.072 
38479000.0 -12.386 -12.504 -12.262 -12.067 
39042000.0 -12.378 -12.494 -12.254 -12.064 
39612000.0 -12.369 -12.483 -12.249 -12.06 
40191000.0 -12.363 -12.474 -12.242 -12.057 
40778000.0 -12.351 -12.464 -12.237 -12.054 
41374000.0 -12.345 -12.455 -12.231 -12.052 
41979000.0 -12.333 -12.445 -12.227 -12.049 
42593000.0 -12.327 -12.435 -12.222 -12.047 
43215000.0 -12.318 -12.426 -12.216 -12.046 
43847000.0 -12.308 -12.417 -12.21 -12.044 
44487000.0 -12.297 -12.407 -12.205 -12.044 
45137000.0 -12.286 -12.398 -12.2 -12.043 
45797000.0 -12.276 -12.389 -12.195 -12.043 
46466000.0 -12.266 -12.381 -12.189 -12.044 
47145000.0 -12.26 -12.372 -12.184 -12.045 
47834000.0 -12.246 -12.363 -12.178 -12.041 
48534000.0 -12.236 -12.354 -12.174 -12.037 
49243000.0 -12.225 -12.346 -12.169 -12.033 
49962000.0 -12.214 -12.338 -12.165 -12.03 
50693000.0 -12.205 -12.329 -12.16 -12.025 
51433000.0 -12.196 -12.322 -12.156 -12.02 
52185000.0 -12.187 -12.313 -12.15 -12.013 
52948000.0 -12.178 -12.305 -12.145 -12.007 
53722000.0 -12.17 -12.296 -12.142 -12.0 
54507000.0 -12.161 -12.289 -12.136 -11.992 
55303000.0 -12.152 -12.283 -12.126 -11.984 
56111000.0 -12.143 -12.277 -12.115 -11.976 
56931000.0 -12.134 -12.268 -12.101 -11.968 
57763000.0 -12.124 -12.256 -12.09 -11.958 
58608000.0 -12.116 -12.247 -12.077 -11.949 
59464000.0 -12.107 -12.237 -12.064 -11.939 
60333000.0 -12.098 -12.228 -12.052 -11.929 
61215000.0 -12.09 -12.218 -12.04 -11.919 
62109000.0 -12.081 -12.209 -12.028 -11.908 
63017000.0 -12.073 -12.199 -12.015 -11.897 
63938000.0 -12.064 -12.189 -12.002 -11.885 
64872000.0 -12.056 -12.179 -11.989 -11.872 
65821000.0 -12.047 -12.17 -11.976 -11.858 
66782000.0 -12.038 -12.159 -11.963 -11.845 
67758000.0 -12.028 -12.149 -11.951 -11.834 
68749000.0 -12.02 -12.14 -11.937 -11.823 
69753000.0 -12.01 -12.129 -11.924 -11.812 
70773000.0 -11.999 -12.119 -11.912 -11.801 
71807000.0 -11.989 -12.108 -11.899 -11.79 
72856000.0 -11.981 -12.098 -11.886 -11.778 
73921000.0 -11.972 -12.088 -11.874 -11.768 
75001000.0 -11.963 -12.077 -11.859 -11.758 
76098000.0 -11.954 -12.065 -11.845 -11.748 
77210000.0 -11.946 -12.053 -11.833 -11.738 
78338000.0 -11.937 -12.042 -11.822 -11.727 
79483000.0 -11.929 -12.031 -11.81 -11.718 
80644000.0 -11.924 -12.021 -11.799 -11.707 
81823000.0 -11.912 -12.01 -11.787 -11.697 
83019000.0 -11.906 -11.998 -11.775 -11.687 
84232000.0 -11.898 -11.988 -11.764 -11.678 
85463000.0 -11.889 -11.978 -11.752 -11.669 
86712000.0 -11.88 -11.967 -11.74 -11.657 
87979000.0 -11.873 -11.955 -11.729 -11.648 
89265000.0 -11.866 -11.945 -11.716 -11.637 
90569000.0 -11.858 -11.934 -11.706 -11.626 
91893000.0 -11.85 -11.923 -11.695 -11.616 
93236000.0 -11.841 -11.913 -11.682 -11.606 
94599000.0 -11.833 -11.901 -11.671 -11.596 
95981000.0 -11.825 -11.891 -11.659 -11.586 
97384000.0 -11.819 -11.88 -11.647 -11.575 
98807000.0 -11.812 -11.868 -11.636 -11.566 
100250000.0 -11.802 -11.858 -11.625 -11.555 
101720000.0 -11.795 -11.846 -11.615 -11.544 
103200000.0 -11.79 -11.836 -11.603 -11.534 
104710000.0 -11.782 -11.825 -11.592 -11.523 
106240000.0 -11.774 -11.814 -11.581 -11.513 
107790000.0 -11.766 -11.803 -11.569 -11.502 
109370000.0 -11.759 -11.792 -11.557 -11.492 
110970000.0 -11.751 -11.782 -11.547 -11.481 
112590000.0 -11.744 -11.772 -11.535 -11.471 
114230000.0 -11.736 -11.761 -11.524 -11.459 
115900000.0 -11.728 -11.75 -11.513 -11.449 
117600000.0 -11.721 -11.738 -11.502 -11.438 
119320000.0 -11.713 -11.726 -11.49 -11.426 
121060000.0 -11.705 -11.713 -11.48 -11.414 
122830000.0 -11.697 -11.701 -11.469 -11.402 
124620000.0 -11.688 -11.688 -11.457 -11.39 
126450000.0 -11.68 -11.674 -11.446 -11.379 
128290000.0 -11.671 -11.662 -11.436 -11.367 
130170000.0 -11.662 -11.648 -11.424 -11.355 
132070000.0 -11.654 -11.635 -11.412 -11.342 
134000000.0 -11.645 -11.62 -11.401 -11.33 
135960000.0 -11.638 -11.609 -11.389 -11.318 
137950000.0 -11.629 -11.594 -11.377 -11.305 
139960000.0 -11.62 -11.581 -11.365 -11.293 
142010000.0 -11.615 -11.567 -11.352 -11.28 
144080000.0 -11.607 -11.553 -11.34 -11.267 
146190000.0 -11.594 -11.538 -11.326 -11.253 
148320000.0 -11.59 -11.525 -11.314 -11.24 
150490000.0 -11.579 -11.511 -11.301 -11.225 
152690000.0 -11.574 -11.498 -11.288 -11.212 
154920000.0 -11.561 -11.484 -11.276 -11.199 
157190000.0 -11.556 -11.472 -11.264 -11.188 
159480000.0 -11.547 -11.458 -11.251 -11.176 
161810000.0 -11.54 -11.445 -11.238 -11.164 
164180000.0 -11.527 -11.431 -11.226 -11.152 
166580000.0 -11.519 -11.417 -11.213 -11.145 
169010000.0 -11.509 -11.404 -11.198 -11.137 
171480000.0 -11.504 -11.391 -11.185 -11.128 
173990000.0 -11.492 -11.378 -11.171 -11.12 
176530000.0 -11.485 -11.365 -11.156 -11.112 
179110000.0 -11.473 -11.352 -11.142 -11.103 
181730000.0 -11.464 -11.338 -11.128 -11.093 
184390000.0 -11.454 -11.324 -11.115 -11.084 
187080000.0 -11.442 -11.309 -11.103 -11.075 
189810000.0 -11.435 -11.295 -11.091 -11.065 
192590000.0 -11.422 -11.282 -11.079 -11.056 
195400000.0 -11.415 -11.267 -11.067 -11.044 
198260000.0 -11.404 -11.254 -11.059 -11.033 
201160000.0 -11.393 -11.238 -11.051 -11.022 
204100000.0 -11.382 -11.225 -11.043 -11.012 
207080000.0 -11.369 -11.211 -11.034 -11.001 
210100000.0 -11.36 -11.195 -11.025 -10.99 
213180000.0 -11.347 -11.183 -11.016 -10.978 
216290000.0 -11.336 -11.168 -11.006 -10.968 
219450000.0 -11.328 -11.154 -10.997 -10.956 
222660000.0 -11.319 -11.139 -10.988 -10.944 
225910000.0 -11.312 -11.125 -10.978 -10.933 
229210000.0 -11.303 -11.108 -10.968 -10.921 
232560000.0 -11.295 -11.092 -10.956 -10.909 
235960000.0 -11.286 -11.078 -10.946 -10.897 
239410000.0 -11.278 -11.062 -10.935 -10.885 
242910000.0 -11.269 -11.046 -10.924 -10.872 
246460000.0 -11.261 -11.031 -10.913 -10.861 
250060000.0 -11.253 -11.018 -10.901 -10.848 
253720000.0 -11.246 -11.004 -10.89 -10.836 
257420000.0 -11.239 -10.989 -10.878 -10.824 
261190000.0 -11.232 -10.976 -10.868 -10.809 
265000000.0 -11.224 -10.967 -10.856 -10.797 
268880000.0 -11.216 -10.956 -10.845 -10.783 
272800000.0 -11.21 -10.949 -10.833 -10.769 
276790000.0 -11.204 -10.939 -10.821 -10.757 
280840000.0 -11.198 -10.927 -10.809 -10.743 
284940000.0 -11.192 -10.918 -10.797 -10.729 
289110000.0 -11.177 -10.908 -10.785 -10.715 
293330000.0 -11.17 -10.897 -10.773 -10.701 
297620000.0 -11.165 -10.886 -10.761 -10.686 
301970000.0 -11.159 -10.875 -10.749 -10.672 
306380000.0 -11.149 -10.865 -10.736 -10.657 
310860000.0 -11.136 -10.853 -10.724 -10.642 
315400000.0 -11.124 -10.841 -10.711 -10.627 
320010000.0 -11.112 -10.83 -10.698 -10.612 
324690000.0 -11.099 -10.818 -10.686 -10.598 
329430000.0 -11.087 -10.806 -10.672 -10.581 
334250000.0 -11.076 -10.795 -10.659 -10.567 
339130000.0 -11.065 -10.781 -10.645 -10.551 
344090000.0 -11.053 -10.77 -10.632 -10.536 
349110000.0 -11.042 -10.758 -10.618 -10.521 
354220000.0 -11.031 -10.746 -10.603 -10.505 
359390000.0 -11.019 -10.734 -10.589 -10.489 
364650000.0 -11.01 -10.722 -10.575 -10.473 
369970000.0 -11.0 -10.71 -10.56 -10.458 
375380000.0 -10.989 -10.698 -10.545 -10.443 
380870000.0 -10.978 -10.685 -10.531 -10.425 
386430000.0 -10.967 -10.674 -10.517 -10.41 
392080000.0 -10.957 -10.661 -10.501 -10.394 
397810000.0 -10.946 -10.649 -10.486 -10.377 
403620000.0 -10.936 -10.637 -10.472 -10.361 
409520000.0 -10.924 -10.625 -10.456 -10.344 
415510000.0 -10.914 -10.613 -10.442 -10.33 
421580000.0 -10.903 -10.6 -10.427 -10.311 
427740000.0 -10.893 -10.588 -10.412 -10.294 
433990000.0 -10.884 -10.577 -10.396 -10.278 
440330000.0 -10.873 -10.564 -10.381 -10.261 
446770000.0 -10.864 -10.552 -10.366 -10.245 
453300000.0 -10.854 -10.538 -10.351 -10.227 
459920000.0 -10.844 -10.526 -10.335 -10.21 
466640000.0 -10.833 -10.514 -10.32 -10.194 
473460000.0 -10.819 -10.501 -10.304 -10.175 
480380000.0 -10.806 -10.488 -10.288 -10.156 
487400000.0 -10.791 -10.474 -10.271 -10.14 
494530000.0 -10.776 -10.461 -10.254 -10.121 
501750000.0 -10.762 -10.446 -10.238 -10.102 
509090000.0 -10.747 -10.432 -10.222 -10.085 
516530000.0 -10.732 -10.419 -10.205 -10.067 
524080000.0 -10.717 -10.405 -10.187 -10.047 
531730000.0 -10.701 -10.394 -10.17 -10.029 
539510000.0 -10.686 -10.381 -10.154 -10.009 
547390000.0 -10.67 -10.368 -10.135 -9.991 
555390000.0 -10.655 -10.354 -10.118 -9.971 
563510000.0 -10.64 -10.342 -10.1 -9.954 
571740000.0 -10.624 -10.329 -10.083 -9.932 
580100000.0 -10.605 -10.317 -10.064 -9.912 
588570000.0 -10.589 -10.304 -10.046 -9.891 
597180000.0 -10.568 -10.293 -10.028 -9.872 
605900000.0 -10.549 -10.28 -10.01 -9.856 
614760000.0 -10.528 -10.268 -9.991 -9.836 
623740000.0 -10.509 -10.256 -9.974 -9.815 
632860000.0 -10.489 -10.244 -9.955 -9.794 
642110000.0 -10.468 -10.232 -9.936 -9.775 
651490000.0 -10.451 -10.219 -9.918 -9.755 
661010000.0 -10.434 -10.207 -9.899 -9.734 
670670000.0 -10.419 -10.195 -9.881 -9.714 
680470000.0 -10.404 -10.183 -9.86 -9.695 
690420000.0 -10.388 -10.171 -9.842 -9.674 
700510000.0 -10.371 -10.158 -9.824 -9.656 
710740000.0 -10.357 -10.143 -9.803 -9.638 
721130000.0 -10.343 -10.128 -9.787 -9.618 
731670000.0 -10.328 -10.114 -9.766 -9.598 
742360000.0 -10.314 -10.098 -9.747 -9.579 
753210000.0 -10.301 -10.083 -9.729 -9.559 
764220000.0 -10.288 -10.067 -9.709 -9.54 
775390000.0 -10.275 -10.051 -9.691 -9.52 
786720000.0 -10.264 -10.035 -9.67 -9.5 
798220000.0 -10.253 -10.019 -9.653 -9.481 
809880000.0 -10.241 -10.001 -9.634 -9.461 
821720000.0 -10.231 -9.986 -9.613 -9.442 
833730000.0 -10.22 -9.969 -9.593 -9.422 
845910000.0 -10.206 -9.952 -9.577 -9.402 
858270000.0 -10.193 -9.935 -9.558 -9.383 
870820000.0 -10.179 -9.918 -9.537 -9.363 
883540000.0 -10.166 -9.901 -9.52 -9.344 
896450000.0 -10.153 -9.883 -9.502 -9.325 
909550000.0 -10.14 -9.866 -9.482 -9.307 
922850000.0 -10.127 -9.849 -9.466 -9.287 
936330000.0 -10.114 -9.83 -9.446 -9.267 
950020000.0 -10.103 -9.814 -9.427 -9.249 
963900000.0 -10.09 -9.795 -9.41 -9.229 
977990000.0 -10.08 -9.776 -9.39 -9.209 
992280000.0 -10.07 -9.758 -9.371 -9.191 
1006800000.0 -10.06 -9.74 -9.354 -9.171 
1021500000.0 -10.05 -9.722 -9.337 -9.152 
1036400000.0 -10.041 -9.704 -9.319 -9.133 
1051600000.0 -10.034 -9.686 -9.298 -9.115 
1066900000.0 -10.026 -9.668 -9.28 -9.096 
1082500000.0 -10.019 -9.649 -9.263 -9.079 
1098400000.0 -10.013 -9.635 -9.246 -9.06 
1114400000.0 -10.009 -9.619 -9.228 -9.042 
1130700000.0 -10.009 -9.605 -9.209 -9.023 
1147200000.0 -10.001 -9.591 -9.194 -9.005 
1164000000.0 -9.995 -9.578 -9.178 -8.986 
1181000000.0 -9.989 -9.567 -9.163 -8.969 
1198200000.0 -9.981 -9.555 -9.148 -8.954 
1215800000.0 -9.975 -9.55 -9.133 -8.937 
1233500000.0 -9.966 -9.54 -9.121 -8.921 
1251600000.0 -9.957 -9.537 -9.107 -8.907 
1269800000.0 -9.946 -9.528 -9.095 -8.893 
1288400000.0 -9.931 -9.52 -9.087 -8.88 
1307200000.0 -9.922 -9.514 -9.076 -8.866 
1326300000.0 -9.913 -9.505 -9.064 -8.853 
1345700000.0 -9.897 -9.497 -9.054 -8.841 
1365400000.0 -9.878 -9.491 -9.042 -8.828 
1385300000.0 -9.857 -9.487 -9.028 -8.818 
1405600000.0 -9.832 -9.491 -9.018 -8.804 
1426100000.0 -9.805 -9.516 -9.007 -8.792 
1447000000.0 -9.762 -9.603 -8.997 -8.781 
1468100000.0 -9.731 -9.288 -9.001 -8.768 
1489600000.0 -9.709 -9.246 -8.992 -8.758 
1511300000.0 -9.69 -9.21 -8.974 -8.754 
1533400000.0 -9.672 -9.175 -8.945 -8.734 
1555800000.0 -9.654 -9.149 -8.813 -8.713 
1578600000.0 -9.639 -9.126 -8.78 -8.688 
1601600000.0 -9.625 -9.102 -8.757 -8.651 
1625000000.0 -9.614 -9.082 -8.733 -8.578 
1648800000.0 -9.602 -9.066 -8.711 -8.549 
1672900000.0 -9.593 -9.062 -8.69 -8.524 
1697300000.0 -9.586 -9.041 -8.672 -8.499 
1722100000.0 -9.58 -9.02 -8.654 -8.476 
1747300000.0 -9.583 -9.0 -8.64 -8.452 
1772800000.0 -9.574 -8.98 -8.625 -8.43 
1798800000.0 -9.562 -8.959 -8.605 -8.409 
1825000000.0 -9.551 -8.939 -8.584 -8.394 
1851700000.0 -9.54 -8.919 -8.563 -8.372 
1878800000.0 -9.528 -8.899 -8.544 -8.352 
1906200000.0 -9.519 -8.88 -8.524 -8.329 
1934100000.0 -9.507 -8.862 -8.503 -8.31 
1962400000.0 -9.496 -8.843 -8.481 -8.288 
1991000000.0 -9.482 -8.824 -8.463 -8.27 
2020100000.0 -9.465 -8.805 -8.445 -8.25 
2049700000.0 -9.45 -8.785 -8.425 -8.23 
2079600000.0 -9.433 -8.767 -8.407 -8.21 
2110000000.0 -9.414 -8.748 -8.388 -8.192 
2140800000.0 -9.397 -8.729 -8.372 -8.173 
2172100000.0 -9.385 -8.709 -8.354 -8.154 
2203900000.0 -9.369 -8.691 -8.337 -8.134 
2236100000.0 -9.355 -8.673 -8.32 -8.117 
2268800000.0 -9.342 -8.658 -8.304 -8.1 
2301900000.0 -9.328 -8.643 -8.285 -8.082 
2335500000.0 -9.314 -8.626 -8.268 -8.061 
2369700000.0 -9.3 -8.61 -8.25 -8.042 
2404300000.0 -9.287 -8.596 -8.234 -8.025 
2439400000.0 -9.272 -8.579 -8.216 -8.007 
2475100000.0 -9.258 -8.562 -8.199 -7.988 
2511300000.0 -9.244 -8.544 -8.181 -7.969 
2548000000.0 -9.228 -8.53 -8.164 -7.915 
2585200000.0 -9.213 -8.515 -8.147 -7.933 
2623000000.0 -9.199 -8.5 -8.131 -7.915 
2661300000.0 -9.184 -8.486 -8.112 -7.895 
2700200000.0 -9.17 -8.472 -8.095 -7.879 
2739700000.0 -9.157 -8.459 -8.078 -7.86 
2779700000.0 -9.143 -8.444 -8.061 -7.841 
2820300000.0 -9.129 -8.424 -8.045 -7.823 
2861600000.0 -9.115 -8.408 -8.027 -7.803 
2903400000.0 -9.101 -8.388 -8.01 -7.786 
2945800000.0 -9.087 -8.372 -7.997 -7.77 
2988900000.0 -9.072 -8.355 -7.98 -7.752 
3032500000.0 -9.058 -8.34 -7.964 -7.736 
3076900000.0 -9.043 -8.323 -7.945 -7.719 
3121800000.0 -9.027 -8.31 -7.927 -7.701 
3167400000.0 -9.012 -8.293 -7.91 -7.683 
3213700000.0 -8.997 -8.278 -7.895 -7.667 
3260700000.0 -8.984 -8.264 -7.878 -7.65 
3308300000.0 -8.97 -8.252 -7.863 -7.635 
3356700000.0 -8.957 -8.237 -7.847 -7.621 
3405800000.0 -8.944 -8.224 -7.831 -7.605 
3455500000.0 -8.93 -8.207 -7.815 -7.59 
3506000000.0 -8.914 -8.194 -7.798 -7.575 
3557300000.0 -8.896 -8.182 -7.781 -7.561 
3609200000.0 -8.88 -8.172 -7.763 -7.548 
3662000000.0 -8.865 -8.164 -7.745 -7.533 
3715500000.0 -8.849 -8.155 -7.729 -7.517 
3769800000.0 -8.833 -8.144 -7.715 -7.502 
3824900000.0 -8.818 -8.132 -7.699 -7.486 
3880800000.0 -8.803 -8.12 -7.686 -7.469 
3937500000.0 -8.789 -8.107 -7.671 -7.454 
3995100000.0 -8.774 -8.095 -7.659 -7.439 
4053400000.0 -8.759 -8.082 -7.644 -7.426 
4112700000.0 -8.746 -8.068 -7.628 -7.412 
4172800000.0 -8.731 -8.056 -7.615 -7.399 
4233800000.0 -8.718 -8.042 -7.605 -7.386 
4295600000.0 -8.704 -8.029 -7.594 -7.372 
4358400000.0 -8.692 -8.015 -7.587 -7.36 
4422100000.0 -8.678 -8.0 -7.582 -7.349 
4486700000.0 -8.664 -7.986 -7.575 -7.339 
4552300000.0 -8.649 -7.971 -7.569 -7.333 
4618800000.0 -8.636 -7.957 -7.559 -7.325 
4686300000.0 -8.622 -7.939 -7.548 -7.318 
4754800000.0 -8.608 -7.918 -7.535 -7.305 
4824300000.0 -8.594 -7.9 -7.52 -7.29 
4894800000.0 -8.579 -7.883 -7.504 -7.273 
4966300000.0 -8.566 -7.867 -7.49 -7.259 
5038900000.0 -8.552 -7.851 -7.473 -7.243 
5112600000.0 -8.536 -7.837 -7.459 -7.227 
5187300000.0 -8.523 -7.82 -7.444 -7.213 
5263100000.0 -8.509 -7.806 -7.428 -7.197 
5340000000.0 -8.494 -7.788 -7.411 -7.18 
5418000000.0 -8.48 -7.771 -7.396 -7.165 
5497200000.0 -8.465 -7.755 -7.379 -7.149 
5577600000.0 -8.452 -7.741 -7.362 -7.133 
5659100000.0 -8.437 -7.723 -7.346 -7.117 
5741800000.0 -8.422 -7.707 -7.332 -7.101 
5825700000.0 -8.41 -7.691 -7.315 -7.084 
5910800000.0 -8.396 -7.673 -7.297 -7.068 
5997200000.0 -8.382 -7.657 -7.272 -7.053 
6084900000.0 -8.366 -7.641 -7.245 -7.036 
6173800000.0 -8.354 -7.622 -7.222 -7.021 
6264000000.0 -8.34 -7.606 -7.206 -7.005 
6355500000.0 -8.327 -7.589 -7.19 -6.99 
6448400000.0 -8.314 -7.569 -7.175 -6.978 
6542700000.0 -8.302 -7.552 -7.158 -6.964 
6638300000.0 -8.289 -7.535 -7.143 -6.95 
6735300000.0 -8.273 -7.518 -7.127 -6.934 
6833700000.0 -8.261 -7.502 -7.114 -6.919 
6933600000.0 -8.246 -7.485 -7.097 -6.906 
7034900000.0 -8.233 -7.47 -7.083 -6.89 
7137700000.0 -8.219 -7.453 -7.068 -6.877 
7242000000.0 -8.208 -7.437 -7.053 -6.861 
7347900000.0 -8.193 -7.421 -7.039 -6.844 
7455300000.0 -8.18 -7.407 -7.024 -6.829 
7564200000.0 -8.166 -7.392 -7.009 -6.815 
7674800000.0 -8.153 -7.377 -6.994 -6.799 
7786900000.0 -8.141 -7.362 -6.979 -6.783 
7900700000.0 -8.129 -7.346 -6.964 -6.768 
8016200000.0 -8.113 -7.333 -6.949 -6.752 
8133300000.0 -8.099 -7.317 -6.935 -6.735 
8252200000.0 -8.087 -7.303 -6.921 -6.719 
8372800000.0 -8.071 -7.292 -6.912 -6.703 
8495200000.0 -8.057 -7.278 -6.907 -6.688 
8619300000.0 -8.044 -7.264 -6.907 -6.672 
8745300000.0 -8.032 -7.246 -6.893 -6.658 
8873100000.0 -8.01 -7.232 -6.88 -6.643 
9002800000.0 -8.003 -7.218 -6.866 -6.629 
9134300000.0 -7.991 -7.205 -6.852 -6.614 
9267800000.0 -7.973 -7.194 -6.838 -6.598 
9403300000.0 -7.963 -7.194 -6.824 -6.584 
9540700000.0 -7.942 -7.189 -6.81 -6.567 
9680100000.0 -7.927 -7.173 -6.798 -6.551 
9821600000.0 -7.92 -7.165 -6.784 -6.536 
9965100000.0 -7.904 -7.146 -6.771 -6.522 
10111000000.0 -7.892 -7.138 -6.757 -6.506 
10258000000.0 -7.877 -7.123 -6.744 -6.489 
10408000000.0 -7.861 -7.116 -6.728 -6.475 
10561000000.0 -7.847 -7.098 -6.715 -6.46 
10715000000.0 -7.833 -7.083 -6.701 -6.444 
10871000000.0 -7.819 -7.073 -6.688 -6.429 
11030000000.0 -7.806 -7.058 -6.674 -6.414 
11192000000.0 -7.791 -7.047 -6.66 -6.4 
11355000000.0 -7.775 -7.032 -6.647 -6.383 
11521000000.0 -7.762 -7.02 -6.632 -6.369 
11689000000.0 -7.741 -7.007 -6.617 -6.355 
11860000000.0 -7.734 -6.994 -6.603 -6.342 
12034000000.0 -7.707 -6.983 -6.589 -6.327 
12209000000.0 -7.705 -6.968 -6.575 -6.312 
12388000000.0 -7.691 -6.955 -6.558 -6.297 
12569000000.0 -7.682 -6.943 -6.542 -6.28 
12753000000.0 -7.669 -6.929 -6.531 -6.261 
12939000000.0 -7.637 -6.916 -6.514 -6.244 
13128000000.0 -7.636 -6.903 -6.501 -6.229 
13320000000.0 -7.628 -6.89 -6.49 -6.212 
13515000000.0 -7.616 -6.877 -6.475 -6.198 
13712000000.0 -7.596 -6.869 -6.459 -6.184 
13912000000.0 -7.586 -6.849 -6.445 -6.169 
14116000000.0 -7.575 -6.843 -6.431 -6.154 
14322000000.0 -7.563 -6.824 -6.417 -6.138 
14531000000.0 -7.55 -6.81 -6.399 -6.122 
14744000000.0 -7.536 -6.795 -6.387 -6.108 
14959000000.0 -7.505 -6.785 -6.371 -6.092 
15178000000.0 -7.515 -6.769 -6.358 -6.079 
15400000000.0 -7.497 -6.753 -6.344 -6.063 
15625000000.0 -7.476 -6.742 -6.329 -6.048 
15853000000.0 -7.468 -6.725 -6.314 -6.034 
16085000000.0 -7.472 -6.715 -6.301 -6.018 
16320000000.0 -7.448 -6.698 -6.287 -6.004 
16558000000.0 -7.444 -6.687 -6.275 -5.989 
16800000000.0 -7.436 -6.673 -6.26 -5.975 
17046000000.0 -7.423 -6.662 -6.244 -5.962 
17295000000.0 -7.416 -6.646 -6.229 -5.945 
17548000000.0 -7.399 -6.629 -6.217 -5.931 
17804000000.0 -7.389 -6.617 -6.201 -5.915 
18064000000.0 -7.383 -6.6 -6.187 -5.901 
18328000000.0 -7.35 -6.591 -6.174 -5.889 
18596000000.0 -7.365 -6.578 -6.159 -5.875 
18868000000.0 -7.343 -6.559 -6.145 -5.862 
19144000000.0 -7.339 -6.541 -6.131 -5.852 
19423000000.0 -7.325 -6.531 -6.116 -5.851 
19707000000.0 -7.319 -6.522 -6.101 -5.838 
19995000000.0 -7.31 -6.497 -6.089 -5.824 
