#METAL 0.0004 0.008 0.02 0.05 
10000.0 -14.045 -14.29 -14.183 -14.322 
10146.0 -14.045 -14.29 -14.183 -14.322 
10294.0 -14.045 -14.29 -14.183 -14.322 
10445.0 -14.045 -14.29 -14.183 -14.322 
10598.0 -14.045 -14.29 -14.183 -14.322 
10752.0 -14.045 -14.29 -14.183 -14.322 
10910.0 -14.045 -14.29 -14.183 -14.322 
11069.0 -14.045 -14.29 -14.183 -14.322 
11231.0 -14.045 -14.29 -14.183 -14.322 
11395.0 -14.045 -14.29 -14.183 -14.322 
11561.0 -14.045 -14.29 -14.183 -14.322 
11730.0 -14.045 -14.29 -14.183 -14.322 
11902.0 -14.045 -14.29 -14.183 -14.322 
12076.0 -14.045 -14.29 -14.183 -14.322 
12252.0 -14.045 -14.29 -14.183 -14.322 
12431.0 -14.045 -14.29 -14.183 -14.322 
12613.0 -14.045 -14.29 -14.183 -14.322 
12797.0 -14.045 -14.29 -14.183 -14.322 
12984.0 -14.045 -14.29 -14.183 -14.322 
13174.0 -14.045 -14.29 -14.183 -14.322 
13367.0 -14.045 -14.29 -14.183 -14.322 
13562.0 -14.045 -14.29 -14.183 -14.322 
13760.0 -14.045 -14.29 -14.183 -14.322 
13961.0 -14.045 -14.29 -14.183 -14.322 
14165.0 -14.045 -14.29 -14.183 -14.322 
14372.0 -14.045 -14.29 -14.183 -14.322 
14582.0 -14.045 -14.29 -14.183 -14.322 
14795.0 -14.045 -14.29 -14.183 -14.322 
15012.0 -14.045 -14.29 -14.183 -14.322 
15231.0 -14.045 -14.29 -14.183 -14.322 
15454.0 -14.045 -14.29 -14.183 -14.322 
15679.0 -14.045 -14.29 -14.183 -14.322 
15909.0 -14.045 -14.29 -14.183 -14.322 
16141.0 -14.045 -14.29 -14.183 -14.322 
16377.0 -14.045 -14.29 -14.183 -14.322 
16616.0 -14.045 -14.29 -14.183 -14.324 
16859.0 -14.045 -14.29 -14.183 -14.324 
17105.0 -14.045 -14.29 -14.183 -14.324 
17355.0 -14.045 -14.291 -14.183 -14.324 
17609.0 -14.045 -14.291 -14.183 -14.324 
17866.0 -14.045 -14.291 -14.183 -14.324 
18128.0 -14.045 -14.291 -14.183 -14.324 
18392.0 -14.045 -14.291 -14.183 -14.324 
18661.0 -14.045 -14.291 -14.183 -14.324 
18934.0 -14.045 -14.291 -14.183 -14.324 
19211.0 -14.045 -14.291 -14.183 -14.324 
19491.0 -14.045 -14.291 -14.183 -14.324 
19776.0 -14.045 -14.291 -14.183 -14.324 
20065.0 -14.046 -14.291 -14.183 -14.324 
20358.0 -14.046 -14.291 -14.183 -14.324 
20656.0 -14.046 -14.291 -14.183 -14.324 
20958.0 -14.046 -14.291 -14.183 -14.324 
21264.0 -14.046 -14.291 -14.183 -14.324 
21575.0 -14.046 -14.291 -14.183 -14.324 
21890.0 -14.046 -14.291 -14.183 -14.324 
22210.0 -14.046 -14.291 -14.184 -14.324 
22535.0 -14.046 -14.291 -14.184 -14.325 
22864.0 -14.046 -14.291 -14.184 -14.325 
23198.0 -14.046 -14.291 -14.184 -14.325 
23537.0 -14.046 -14.291 -14.184 -14.325 
23881.0 -14.046 -14.291 -14.184 -14.325 
24230.0 -14.046 -14.291 -14.184 -14.325 
24584.0 -14.046 -14.291 -14.184 -14.326 
24944.0 -14.046 -14.291 -14.184 -14.326 
25308.0 -14.046 -14.291 -14.184 -14.326 
25678.0 -14.046 -14.291 -14.184 -14.326 
26053.0 -14.046 -14.291 -14.184 -14.326 
26434.0 -14.046 -14.291 -14.184 -14.326 
26820.0 -14.046 -14.291 -14.184 -14.326 
27212.0 -14.046 -14.291 -14.184 -14.326 
27610.0 -14.046 -14.291 -14.184 -14.326 
28013.0 -14.046 -14.291 -14.184 -14.326 
28423.0 -14.046 -14.291 -14.184 -14.326 
28838.0 -14.046 -14.292 -14.184 -14.326 
29260.0 -14.047 -14.292 -14.184 -14.327 
29687.0 -14.047 -14.292 -14.184 -14.327 
30121.0 -14.047 -14.292 -14.184 -14.327 
30561.0 -14.047 -14.292 -14.184 -14.327 
31008.0 -14.047 -14.292 -14.184 -14.327 
31461.0 -14.047 -14.292 -14.184 -14.328 
31921.0 -14.047 -14.292 -14.184 -14.328 
32387.0 -14.047 -14.292 -14.184 -14.328 
32861.0 -14.047 -14.292 -14.184 -14.329 
33341.0 -14.047 -14.292 -14.184 -14.328 
33828.0 -14.047 -14.292 -14.184 -14.329 
34322.0 -14.047 -14.292 -14.184 -14.329 
34824.0 -14.047 -14.292 -14.184 -14.329 
35333.0 -14.047 -14.292 -14.184 -14.329 
35849.0 -14.047 -14.292 -14.184 -14.329 
36373.0 -14.047 -14.292 -14.184 -14.33 
36905.0 -14.047 -14.292 -14.184 -14.33 
37444.0 -14.047 -14.292 -14.184 -14.331 
37991.0 -14.047 -14.292 -14.184 -14.331 
38547.0 -14.048 -14.292 -14.184 -14.331 
39110.0 -14.048 -14.292 -14.184 -14.331 
39681.0 -14.048 -14.293 -14.184 -14.331 
40261.0 -14.048 -14.293 -14.184 -14.331 
40850.0 -14.048 -14.293 -14.184 -14.331 
41447.0 -14.048 -14.293 -14.184 -14.333 
42052.0 -14.048 -14.293 -14.185 -14.333 
42667.0 -14.048 -14.293 -14.185 -14.331 
43291.0 -14.048 -14.293 -14.185 -14.332 
43923.0 -14.048 -14.293 -14.185 -14.332 
44565.0 -14.048 -14.293 -14.185 -14.332 
45216.0 -14.048 -14.293 -14.185 -14.333 
45877.0 -14.048 -14.293 -14.185 -14.332 
46548.0 -14.048 -14.293 -14.184 -14.332 
47228.0 -14.048 -14.293 -14.184 -14.333 
47918.0 -14.049 -14.293 -14.184 -14.333 
48618.0 -14.049 -14.293 -14.184 -14.333 
49329.0 -14.049 -14.293 -14.184 -14.332 
50050.0 -14.049 -14.293 -14.184 -14.332 
50781.0 -14.049 -14.293 -14.184 -14.332 
51523.0 -14.049 -14.293 -14.184 -14.332 
52276.0 -14.049 -14.294 -14.184 -14.332 
53040.0 -14.049 -14.294 -14.184 -14.332 
53816.0 -14.049 -14.294 -14.184 -14.332 
54602.0 -14.049 -14.294 -14.184 -14.332 
55400.0 -14.049 -14.294 -14.184 -14.332 
56210.0 -14.049 -14.294 -14.184 -14.332 
57031.0 -14.049 -14.294 -14.184 -14.332 
57864.0 -14.05 -14.294 -14.184 -14.333 
58710.0 -14.05 -14.294 -14.184 -14.334 
59568.0 -14.05 -14.294 -14.184 -14.334 
60439.0 -14.05 -14.294 -14.184 -14.334 
61322.0 -14.05 -14.294 -14.185 -14.334 
62218.0 -14.05 -14.294 -14.185 -14.334 
63127.0 -14.05 -14.294 -14.185 -14.334 
64050.0 -14.05 -14.295 -14.185 -14.334 
64986.0 -14.05 -14.295 -14.185 -14.334 
65936.0 -14.05 -14.295 -14.185 -14.334 
66899.0 -14.051 -14.295 -14.185 -14.334 
67877.0 -14.051 -14.295 -14.185 -14.334 
68869.0 -14.051 -14.295 -14.185 -14.334 
69875.0 -14.051 -14.295 -14.185 -14.334 
70897.0 -14.051 -14.295 -14.185 -14.333 
71933.0 -14.051 -14.295 -14.185 -14.334 
72984.0 -14.051 -14.295 -14.185 -14.334 
74050.0 -14.051 -14.295 -14.185 -14.333 
75133.0 -14.051 -14.296 -14.186 -14.332 
76231.0 -14.052 -14.296 -14.186 -14.332 
77345.0 -14.052 -14.296 -14.186 -14.333 
78475.0 -14.052 -14.296 -14.186 -14.332 
79622.0 -14.052 -14.296 -14.186 -14.333 
80785.0 -14.052 -14.295 -14.186 -14.332 
81966.0 -14.052 -14.295 -14.186 -14.332 
83164.0 -14.052 -14.295 -14.186 -14.332 
84379.0 -14.052 -14.295 -14.186 -14.332 
85612.0 -14.053 -14.295 -14.186 -14.333 
86864.0 -14.053 -14.295 -14.186 -14.333 
88133.0 -14.053 -14.295 -14.187 -14.333 
89421.0 -14.053 -14.296 -14.187 -14.333 
90728.0 -14.053 -14.296 -14.186 -14.333 
92054.0 -14.053 -14.296 -14.187 -14.333 
93399.0 -14.053 -14.296 -14.187 -14.333 
94764.0 -14.053 -14.296 -14.187 -14.334 
96149.0 -14.054 -14.296 -14.187 -14.334 
97554.0 -14.054 -14.296 -14.187 -14.334 
98980.0 -14.054 -14.296 -14.187 -14.334 
100430.0 -14.054 -14.297 -14.186 -14.335 
101890.0 -14.054 -14.297 -14.187 -14.335 
103380.0 -14.054 -14.297 -14.187 -14.335 
104890.0 -14.055 -14.297 -14.187 -14.335 
106430.0 -14.055 -14.297 -14.187 -14.335 
107980.0 -14.055 -14.298 -14.187 -14.336 
109560.0 -14.055 -14.298 -14.187 -14.336 
111160.0 -14.055 -14.298 -14.187 -14.336 
112790.0 -14.055 -14.298 -14.188 -14.336 
114430.0 -14.056 -14.298 -14.188 -14.336 
116110.0 -14.056 -14.298 -14.188 -14.337 
117800.0 -14.056 -14.299 -14.188 -14.338 
119520.0 -14.056 -14.299 -14.188 -14.338 
121270.0 -14.056 -14.299 -14.188 -14.337 
123040.0 -14.057 -14.299 -14.188 -14.337 
124840.0 -14.057 -14.299 -14.188 -14.337 
126670.0 -14.057 -14.299 -14.188 -14.338 
128520.0 -14.057 -14.299 -14.188 -14.338 
130400.0 -14.057 -14.3 -14.188 -14.338 
132300.0 -14.058 -14.3 -14.188 -14.338 
134240.0 -14.058 -14.3 -14.188 -14.339 
136200.0 -14.058 -14.3 -14.188 -14.34 
138190.0 -14.058 -14.3 -14.188 -14.34 
140210.0 -14.058 -14.3 -14.187 -14.341 
142260.0 -14.058 -14.3 -14.188 -14.341 
144330.0 -14.059 -14.3 -14.188 -14.342 
146440.0 -14.059 -14.3 -14.188 -14.343 
148580.0 -14.059 -14.3 -14.188 -14.343 
150760.0 -14.059 -14.3 -14.188 -14.344 
152960.0 -14.06 -14.3 -14.189 -14.344 
155190.0 -14.06 -14.301 -14.189 -14.344 
157460.0 -14.06 -14.301 -14.189 -14.344 
159760.0 -14.06 -14.301 -14.189 -14.344 
162100.0 -14.061 -14.301 -14.189 -14.345 
164470.0 -14.061 -14.301 -14.189 -14.345 
166870.0 -14.061 -14.302 -14.19 -14.345 
169310.0 -14.061 -14.302 -14.189 -14.345 
171780.0 -14.062 -14.302 -14.189 -14.345 
174290.0 -14.062 -14.302 -14.189 -14.345 
176840.0 -14.062 -14.302 -14.189 -14.346 
179430.0 -14.062 -14.302 -14.19 -14.346 
182050.0 -14.063 -14.302 -14.19 -14.346 
184710.0 -14.063 -14.302 -14.19 -14.346 
187410.0 -14.063 -14.303 -14.19 -14.347 
190150.0 -14.064 -14.303 -14.19 -14.347 
192930.0 -14.064 -14.303 -14.191 -14.348 
195740.0 -14.064 -14.303 -14.191 -14.348 
198610.0 -14.065 -14.304 -14.191 -14.348 
201510.0 -14.066 -14.304 -14.19 -14.348 
204450.0 -14.066 -14.304 -14.191 -14.348 
207440.0 -14.066 -14.305 -14.191 -14.349 
210470.0 -14.067 -14.305 -14.191 -14.348 
213550.0 -14.067 -14.305 -14.191 -14.345 
216670.0 -14.067 -14.305 -14.192 -14.344 
219840.0 -14.068 -14.306 -14.192 -14.342 
223050.0 -14.068 -14.306 -14.192 -14.341 
226310.0 -14.068 -14.306 -14.192 -14.34 
229610.0 -14.069 -14.307 -14.193 -14.339 
232970.0 -14.069 -14.307 -14.193 -14.338 
236380.0 -14.07 -14.307 -14.192 -14.337 
239830.0 -14.07 -14.308 -14.192 -14.337 
243330.0 -14.07 -14.308 -14.193 -14.336 
246890.0 -14.071 -14.308 -14.193 -14.335 
250500.0 -14.071 -14.309 -14.193 -14.334 
254160.0 -14.071 -14.309 -14.194 -14.334 
257870.0 -14.072 -14.309 -14.194 -14.335 
261640.0 -14.072 -14.31 -14.194 -14.333 
265470.0 -14.073 -14.31 -14.195 -14.334 
269350.0 -14.073 -14.309 -14.194 -14.334 
273280.0 -14.074 -14.31 -14.194 -14.333 
277280.0 -14.074 -14.31 -14.195 -14.333 
281330.0 -14.074 -14.311 -14.195 -14.333 
285440.0 -14.075 -14.311 -14.195 -14.331 
289610.0 -14.075 -14.311 -14.196 -14.332 
293840.0 -14.076 -14.312 -14.196 -14.332 
298140.0 -14.076 -14.312 -14.196 -14.332 
302490.0 -14.077 -14.313 -14.196 -14.332 
306920.0 -14.077 -14.313 -14.196 -14.335 
311400.0 -14.078 -14.314 -14.196 -14.336 
315950.0 -14.078 -14.313 -14.197 -14.337 
320570.0 -14.079 -14.313 -14.197 -14.338 
325250.0 -14.079 -14.314 -14.197 -14.338 
330010.0 -14.08 -14.314 -14.197 -14.34 
334830.0 -14.08 -14.315 -14.198 -14.343 
339720.0 -14.081 -14.315 -14.198 -14.344 
344690.0 -14.081 -14.316 -14.198 -14.345 
349730.0 -14.082 -14.316 -14.199 -14.346 
354840.0 -14.082 -14.317 -14.199 -14.347 
360020.0 -14.083 -14.317 -14.198 -14.349 
365280.0 -14.083 -14.318 -14.199 -14.349 
370620.0 -14.084 -14.318 -14.199 -14.35 
376040.0 -14.085 -14.319 -14.2 -14.35 
381530.0 -14.085 -14.319 -14.2 -14.351 
387110.0 -14.086 -14.32 -14.201 -14.352 
392770.0 -14.086 -14.32 -14.2 -14.352 
398510.0 -14.087 -14.321 -14.203 -14.353 
404330.0 -14.088 -14.321 -14.204 -14.354 
410240.0 -14.088 -14.322 -14.206 -14.353 
416230.0 -14.089 -14.322 -14.208 -14.355 
422320.0 -14.09 -14.322 -14.209 -14.355 
428490.0 -14.09 -14.323 -14.21 -14.356 
434750.0 -14.091 -14.323 -14.211 -14.356 
441100.0 -14.092 -14.324 -14.212 -14.356 
447550.0 -14.092 -14.324 -14.213 -14.357 
454090.0 -14.093 -14.325 -14.213 -14.358 
460730.0 -14.094 -14.326 -14.214 -14.358 
467460.0 -14.095 -14.326 -14.215 -14.359 
474290.0 -14.095 -14.327 -14.216 -14.358 
481220.0 -14.097 -14.328 -14.217 -14.359 
488260.0 -14.097 -14.328 -14.217 -14.359 
495390.0 -14.098 -14.329 -14.218 -14.359 
502630.0 -14.099 -14.33 -14.219 -14.355 
509980.0 -14.1 -14.331 -14.22 -14.349 
517430.0 -14.101 -14.331 -14.221 -14.344 
524990.0 -14.101 -14.332 -14.222 -14.344 
532660.0 -14.102 -14.333 -14.223 -14.345 
540450.0 -14.103 -14.334 -14.223 -14.345 
548350.0 -14.105 -14.334 -14.224 -14.345 
556360.0 -14.106 -14.334 -14.225 -14.345 
564490.0 -14.107 -14.335 -14.226 -14.345 
572740.0 -14.108 -14.336 -14.227 -14.345 
581110.0 -14.109 -14.336 -14.228 -14.346 
589600.0 -14.11 -14.337 -14.228 -14.347 
598220.0 -14.111 -14.338 -14.23 -14.347 
606960.0 -14.112 -14.339 -14.231 -14.347 
615830.0 -14.113 -14.34 -14.229 -14.348 
624830.0 -14.113 -14.341 -14.231 -14.348 
633960.0 -14.114 -14.342 -14.231 -14.349 
643230.0 -14.115 -14.343 -14.231 -14.349 
652630.0 -14.116 -14.343 -14.231 -14.35 
662170.0 -14.118 -14.344 -14.233 -14.351 
671840.0 -14.119 -14.345 -14.233 -14.351 
681660.0 -14.12 -14.345 -14.233 -14.352 
691620.0 -14.121 -14.346 -14.234 -14.352 
701730.0 -14.122 -14.347 -14.234 -14.353 
711990.0 -14.124 -14.348 -14.235 -14.353 
722390.0 -14.125 -14.349 -14.236 -14.354 
732950.0 -14.126 -14.35 -14.237 -14.355 
743660.0 -14.127 -14.351 -14.237 -14.356 
754530.0 -14.128 -14.352 -14.238 -14.356 
765560.0 -14.13 -14.353 -14.239 -14.357 
776740.0 -14.13 -14.354 -14.24 -14.356 
788100.0 -14.132 -14.355 -14.241 -14.359 
799610.0 -14.134 -14.356 -14.242 -14.358 
811300.0 -14.135 -14.356 -14.243 -14.357 
823150.0 -14.136 -14.357 -14.244 -14.358 
835180.0 -14.138 -14.359 -14.245 -14.358 
847390.0 -14.139 -14.36 -14.25 -14.361 
859770.0 -14.14 -14.361 -14.253 -14.364 
872340.0 -14.142 -14.362 -14.255 -14.366 
885090.0 -14.143 -14.363 -14.257 -14.367 
898020.0 -14.145 -14.365 -14.26 -14.368 
911150.0 -14.146 -14.365 -14.262 -14.371 
924460.0 -14.148 -14.366 -14.257 -14.375 
937970.0 -14.15 -14.367 -14.255 -14.374 
951680.0 -14.151 -14.369 -14.255 -14.376 
965590.0 -14.153 -14.37 -14.255 -14.374 
979700.0 -14.154 -14.371 -14.256 -14.373 
994020.0 -14.156 -14.373 -14.256 -14.372 
1008500.0 -14.158 -14.374 -14.256 -14.372 
1023300.0 -14.159 -14.376 -14.255 -14.372 
1038200.0 -14.161 -14.377 -14.258 -14.372 
1053400.0 -14.163 -14.378 -14.267 -14.376 
1068800.0 -14.165 -14.379 -14.266 -14.378 
1084400.0 -14.168 -14.38 -14.27 -14.379 
1100300.0 -14.17 -14.381 -14.274 -14.379 
1116400.0 -14.172 -14.382 -14.275 -14.38 
1132700.0 -14.174 -14.385 -14.277 -14.378 
1149200.0 -14.176 -14.386 -14.286 -14.379 
1166000.0 -14.177 -14.388 -14.29 -14.381 
1183100.0 -14.179 -14.389 -14.295 -14.387 
1200300.0 -14.182 -14.391 -14.298 -14.39 
1217900.0 -14.184 -14.392 -14.3 -14.396 
1235700.0 -14.186 -14.394 -14.303 -14.395 
1253700.0 -14.188 -14.396 -14.305 -14.402 
1272100.0 -14.191 -14.397 -14.309 -14.405 
1290700.0 -14.193 -14.399 -14.313 -14.408 
1309500.0 -14.195 -14.401 -14.314 -14.411 
1328700.0 -14.198 -14.402 -14.319 -14.415 
1348100.0 -14.2 -14.404 -14.321 -14.414 
1367800.0 -14.202 -14.405 -14.324 -14.418 
1387800.0 -14.205 -14.406 -14.326 -14.421 
1408000.0 -14.207 -14.407 -14.327 -14.428 
1428600.0 -14.21 -14.41 -14.33 -14.435 
1449500.0 -14.213 -14.411 -14.334 -14.443 
1470700.0 -14.216 -14.412 -14.335 -14.451 
1492200.0 -14.218 -14.414 -14.337 -14.463 
1514000.0 -14.221 -14.413 -14.341 -14.471 
1536100.0 -14.224 -14.416 -14.344 -14.476 
1558600.0 -14.227 -14.418 -14.345 -14.485 
1581300.0 -14.23 -14.421 -14.346 -14.49 
1604400.0 -14.233 -14.424 -14.341 -14.499 
1627900.0 -14.236 -14.426 -14.345 -14.505 
1651700.0 -14.24 -14.429 -14.349 -14.511 
1675800.0 -14.243 -14.432 -14.353 -14.518 
1700300.0 -14.246 -14.434 -14.356 -14.528 
1725200.0 -14.25 -14.438 -14.361 -14.535 
1750400.0 -14.253 -14.44 -14.366 -14.543 
1775900.0 -14.256 -14.443 -14.368 -14.551 
1801900.0 -14.26 -14.445 -14.372 -14.558 
1828200.0 -14.263 -14.449 -14.375 -14.567 
1855000.0 -14.267 -14.451 -14.378 -14.57 
1882100.0 -14.27 -14.455 -14.383 -14.577 
1909600.0 -14.274 -14.458 -14.387 -14.584 
1937500.0 -14.278 -14.462 -14.392 -14.589 
1965800.0 -14.282 -14.466 -14.395 -14.598 
1994500.0 -14.286 -14.471 -14.397 -14.604 
2023700.0 -14.29 -14.476 -14.402 -14.616 
2053200.0 -14.294 -14.476 -14.406 -14.619 
2083200.0 -14.298 -14.487 -14.409 -14.62 
2113700.0 -14.302 -14.492 -14.413 -14.631 
2144600.0 -14.308 -14.496 -14.426 -14.634 
2175900.0 -14.312 -14.5 -14.439 -14.641 
2207700.0 -14.317 -14.503 -14.45 -14.651 
2240000.0 -14.32 -14.507 -14.457 -14.657 
2272700.0 -14.324 -14.512 -14.465 -14.668 
2305900.0 -14.329 -14.518 -14.468 -14.678 
2339600.0 -14.334 -14.523 -14.475 -14.683 
2373800.0 -14.339 -14.527 -14.484 -14.689 
2408500.0 -14.343 -14.531 -14.489 -14.696 
2443700.0 -14.348 -14.536 -14.501 -14.703 
2479400.0 -14.351 -14.539 -14.51 -14.71 
2515700.0 -14.351 -14.541 -14.518 -14.715 
2552400.0 -14.35 -14.546 -14.526 -14.722 
2589700.0 -14.357 -14.552 -14.535 -14.713 
2627600.0 -14.365 -14.557 -14.543 -14.7 
2666000.0 -14.372 -14.562 -14.554 -14.691 
2704900.0 -14.38 -14.57 -14.563 -14.684 
2744500.0 -14.388 -14.578 -14.573 -14.677 
2784600.0 -14.396 -14.587 -14.583 -14.671 
2825300.0 -14.404 -14.595 -14.59 -14.668 
2866600.0 -14.415 -14.606 -14.603 -14.665 
2908500.0 -14.459 -14.609 -14.608 -14.66 
2951000.0 -14.49 -14.621 -14.62 -14.656 
2994100.0 -14.49 -14.636 -14.631 -14.654 
3037800.0 -14.489 -14.651 -14.634 -14.653 
3082200.0 -14.703 -14.664 -14.616 -14.653 
3127300.0 -14.622 -14.755 -14.598 -14.648 
3173000.0 -14.591 -14.701 -14.579 -14.642 
3219400.0 -14.587 -14.686 -14.562 -14.63 
3266400.0 -14.589 -14.68 -14.543 -14.62 
3314100.0 -14.564 -14.66 -14.53 -14.605 
3362600.0 -14.533 -14.638 -14.515 -14.588 
3411700.0 -14.504 -14.614 -14.501 -14.567 
3461600.0 -14.479 -14.595 -14.488 -14.546 
3512200.0 -14.456 -14.586 -14.474 -14.517 
3563500.0 -14.434 -14.591 -14.463 -14.482 
3615600.0 -14.431 -14.592 -14.481 -14.449 
3668400.0 -14.446 -14.521 -14.463 -14.402 
3722000.0 -14.484 -14.485 -14.439 -14.368 
3776400.0 -14.55 -14.512 -14.435 -14.339 
3831600.0 -14.618 -14.488 -14.434 -14.315 
3887600.0 -14.69 -14.467 -14.431 -14.296 
3944400.0 -14.768 -14.446 -14.428 -14.279 
4002100.0 -14.833 -14.426 -14.425 -14.263 
4060500.0 -14.841 -14.408 -14.42 -14.251 
4119900.0 -14.819 -14.398 -14.418 -14.241 
4180100.0 -14.774 -14.373 -14.41 -14.232 
4241200.0 -14.731 -14.36 -14.404 -14.222 
4303200.0 -14.692 -14.341 -14.396 -14.216 
4366000.0 -14.652 -14.328 -14.384 -14.214 
4429800.0 -14.61 -14.311 -14.353 -14.212 
4494600.0 -14.563 -14.3 -14.29 -14.209 
4560300.0 -14.512 -14.291 -14.268 -14.209 
4626900.0 -14.457 -14.287 -14.235 -14.211 
4694500.0 -14.401 -14.289 -14.218 -14.214 
4763100.0 -14.343 -14.298 -14.21 -14.217 
4832800.0 -14.285 -14.312 -14.208 -14.224 
4903400.0 -14.227 -14.327 -14.211 -14.233 
4975000.0 -14.17 -14.359 -14.219 -14.241 
5047700.0 -14.117 -14.393 -14.23 -14.248 
5121500.0 -14.065 -14.422 -14.243 -14.32 
5196400.0 -14.019 -14.443 -14.259 -14.341 
5272300.0 -13.973 -14.46 -14.275 -14.361 
5349400.0 -13.924 -14.479 -14.291 -14.384 
5427500.0 -13.88 -14.494 -14.308 -14.412 
5506800.0 -13.845 -14.514 -14.327 -14.443 
5587300.0 -13.81 -14.53 -14.347 -14.48 
5669000.0 -13.782 -14.549 -14.368 -14.527 
5751800.0 -13.746 -14.568 -14.398 -14.58 
5835900.0 -13.721 -14.588 -14.43 -14.642 
5921200.0 -13.694 -14.616 -14.461 -14.717 
6007700.0 -13.666 -14.649 -14.486 -14.801 
6095500.0 -13.641 -14.701 -14.505 -14.893 
6184600.0 -13.615 -14.757 -14.498 -14.991 
6275000.0 -13.59 -14.818 -14.495 -15.085 
6366700.0 -13.564 -14.87 -14.49 -15.173 
6459700.0 -13.54 -14.889 -14.487 -15.222 
6554100.0 -13.514 -14.871 -14.485 -15.2 
6649900.0 -13.49 -14.84 -14.487 -15.089 
6747100.0 -13.468 -14.812 -14.489 -14.909 
6845700.0 -13.444 -14.78 -14.489 -14.612 
6945700.0 -13.42 -14.748 -14.487 -14.132 
7047200.0 -13.399 -14.718 -14.477 -13.864 
7150200.0 -13.379 -14.685 -14.461 -13.804 
7254700.0 -13.359 -14.653 -14.445 -13.756 
7360700.0 -13.339 -14.62 -14.419 -13.707 
7468300.0 -13.32 -14.585 -14.402 -13.67 
7577500.0 -13.3 -14.553 -14.387 -13.624 
7688200.0 -13.281 -14.516 -14.366 -13.572 
7800500.0 -13.262 -14.481 -14.348 -13.539 
7914500.0 -13.244 -14.449 -14.322 -13.492 
8030200.0 -13.225 -14.412 -14.292 -13.466 
8147600.0 -13.206 -14.377 -14.261 -13.432 
8266600.0 -13.187 -14.341 -14.217 -13.397 
8387400.0 -13.171 -14.306 -14.167 -13.369 
8510000.0 -13.152 -14.271 -14.118 -13.341 
8634400.0 -13.134 -14.233 -14.064 -13.307 
8760600.0 -13.116 -14.198 -14.009 -13.283 
8888600.0 -13.1 -14.16 -13.956 -13.256 
9018500.0 -13.081 -14.122 -13.923 -13.236 
9150300.0 -13.065 -14.082 -13.895 -13.208 
9284000.0 -13.047 -14.046 -13.882 -13.19 
9419700.0 -13.031 -14.005 -13.87 -13.17 
9557400.0 -13.011 -13.961 -13.858 -13.155 
9697000.0 -12.992 -13.924 -13.846 -13.139 
9838800.0 -12.975 -13.886 -13.832 -13.124 
9982500.0 -12.958 -13.851 -13.818 -13.108 
10128000.0 -12.945 -13.82 -13.803 -13.09 
10276000.0 -12.934 -13.799 -13.787 -13.071 
10427000.0 -12.927 -13.778 -13.771 -13.053 
10579000.0 -12.921 -13.759 -13.754 -13.035 
10734000.0 -12.922 -13.739 -13.737 -13.016 
10890000.0 -12.921 -13.719 -13.72 -12.999 
11050000.0 -12.923 -13.699 -13.702 -12.981 
11211000.0 -12.926 -13.68 -13.684 -12.966 
11375000.0 -12.929 -13.661 -13.665 -12.95 
11541000.0 -12.931 -13.641 -13.644 -12.935 
11710000.0 -12.934 -13.622 -13.625 -12.919 
11881000.0 -12.938 -13.604 -13.607 -12.905 
12055000.0 -12.941 -13.586 -13.585 -12.889 
12231000.0 -12.945 -13.567 -13.566 -12.872 
12410000.0 -12.948 -13.549 -13.546 -12.86 
12591000.0 -12.95 -13.531 -13.524 -12.846 
12775000.0 -12.951 -13.514 -13.502 -12.832 
12962000.0 -12.95 -13.497 -13.481 -12.819 
13151000.0 -12.95 -13.48 -13.464 -12.806 
13343000.0 -12.948 -13.463 -13.446 -12.792 
13538000.0 -12.945 -13.446 -13.429 -12.78 
13736000.0 -12.942 -13.43 -13.411 -12.768 
13937000.0 -12.938 -13.413 -13.394 -12.761 
14140000.0 -12.932 -13.4 -13.377 -12.747 
14347000.0 -12.926 -13.389 -13.359 -12.741 
14557000.0 -12.917 -13.374 -13.343 -12.731 
14770000.0 -12.908 -13.365 -13.325 -12.721 
14985000.0 -12.898 -13.357 -13.187 -12.711 
15204000.0 -12.886 -13.349 -13.174 -12.702 
15427000.0 -12.872 -13.34 -13.155 -12.691 
15652000.0 -12.857 -13.33 -13.14 -12.68 
15881000.0 -12.845 -13.322 -13.125 -12.674 
16113000.0 -12.832 -13.314 -13.109 -12.665 
16348000.0 -12.819 -13.305 -13.201 -12.653 
16587000.0 -12.807 -13.298 -13.184 -12.642 
16830000.0 -12.795 -13.289 -13.166 -12.635 
17076000.0 -12.783 -13.283 -13.147 -12.623 
17325000.0 -12.771 -13.273 -13.129 -12.611 
17578000.0 -12.761 -13.267 -13.11 -12.598 
17835000.0 -12.751 -13.258 -13.092 -12.595 
18096000.0 -12.74 -13.251 -13.074 -12.584 
18360000.0 -12.73 -13.243 -13.056 -12.572 
18629000.0 -12.721 -13.234 -13.041 -12.56 
18901000.0 -12.712 -13.227 -13.026 -12.552 
19177000.0 -12.701 -13.22 -13.014 -12.541 
19457000.0 -12.694 -13.212 -13.0 -12.526 
19742000.0 -12.685 -13.203 -12.986 -12.515 
20030000.0 -12.677 -13.198 -12.974 -12.503 
20323000.0 -12.667 -13.189 -12.96 -12.492 
20620000.0 -12.659 -13.18 -12.947 -12.479 
20921000.0 -12.648 -13.171 -12.875 -12.465 
21227000.0 -12.638 -13.162 -12.923 -12.453 
21537000.0 -12.631 -13.152 -12.911 -12.438 
21852000.0 -12.621 -13.14 -12.839 -12.423 
22171000.0 -12.615 -13.128 -12.887 -12.405 
22495000.0 -12.605 -13.118 -12.878 -12.387 
22824000.0 -12.598 -13.11 -12.865 -12.365 
23158000.0 -12.589 -13.1 -12.853 -12.346 
23496000.0 -12.582 -13.09 -12.84 -12.34 
23839000.0 -12.574 -13.081 -12.827 -12.335 
24188000.0 -12.566 -13.07 -12.815 -12.327 
24541000.0 -12.561 -13.06 -12.804 -12.324 
24900000.0 -12.554 -13.05 -12.794 -12.318 
25264000.0 -12.547 -13.04 -12.785 -12.311 
25633000.0 -12.538 -13.03 -12.774 -12.307 
26008000.0 -12.532 -13.019 -12.764 -12.302 
26388000.0 -12.525 -13.006 -12.754 -12.298 
26773000.0 -12.519 -12.996 -12.742 -12.294 
27165000.0 -12.513 -12.986 -12.731 -12.288 
27562000.0 -12.508 -12.975 -12.722 -12.281 
27964000.0 -12.501 -12.964 -12.711 -12.272 
28373000.0 -12.496 -12.954 -12.701 -12.273 
28788000.0 -12.491 -12.943 -12.691 -12.267 
29209000.0 -12.486 -12.932 -12.682 -12.263 
29635000.0 -12.478 -12.922 -12.67 -12.256 
30068000.0 -12.473 -12.911 -12.659 -12.251 
30508000.0 -12.467 -12.899 -12.649 -12.247 
30954000.0 -12.461 -12.89 -12.637 -12.242 
31406000.0 -12.458 -12.879 -12.624 -12.239 
31865000.0 -12.453 -12.867 -12.615 -12.232 
32331000.0 -12.449 -12.857 -12.607 -12.228 
32803000.0 -12.445 -12.843 -12.598 -12.224 
33283000.0 -12.443 -12.83 -12.591 -12.22 
33769000.0 -12.436 -12.817 -12.582 -12.216 
34263000.0 -12.432 -12.803 -12.574 -12.21 
34763000.0 -12.426 -12.79 -12.566 -12.207 
35271000.0 -12.418 -12.779 -12.558 -12.203 
35787000.0 -12.411 -12.767 -12.551 -12.199 
36310000.0 -12.4 -12.755 -12.543 -12.194 
36840000.0 -12.393 -12.744 -12.535 -12.19 
37379000.0 -12.384 -12.732 -12.527 -12.185 
37925000.0 -12.376 -12.722 -12.519 -12.182 
38479000.0 -12.368 -12.709 -12.511 -12.178 
39042000.0 -12.36 -12.698 -12.503 -12.175 
39612000.0 -12.351 -12.686 -12.495 -12.169 
40191000.0 -12.345 -12.676 -12.486 -12.167 
40778000.0 -12.334 -12.665 -12.479 -12.164 
41374000.0 -12.328 -12.656 -12.471 -12.162 
41979000.0 -12.316 -12.645 -12.464 -12.159 
42593000.0 -12.31 -12.633 -12.457 -12.156 
43215000.0 -12.301 -12.623 -12.448 -12.153 
43847000.0 -12.291 -12.612 -12.44 -12.15 
44487000.0 -12.281 -12.601 -12.434 -12.148 
45137000.0 -12.27 -12.591 -12.426 -12.146 
45797000.0 -12.26 -12.581 -12.418 -12.144 
46466000.0 -12.25 -12.571 -12.41 -12.144 
47145000.0 -12.243 -12.561 -12.402 -12.144 
47834000.0 -12.23 -12.551 -12.394 -12.153 
48534000.0 -12.22 -12.541 -12.387 -12.166 
49243000.0 -12.21 -12.531 -12.379 -12.178 
49962000.0 -12.199 -12.521 -12.372 -12.193 
50693000.0 -12.191 -12.511 -12.365 -12.206 
51433000.0 -12.183 -12.502 -12.359 -12.219 
52185000.0 -12.175 -12.492 -12.356 -12.214 
52948000.0 -12.166 -12.484 -12.352 -12.212 
53722000.0 -12.159 -12.476 -12.351 -12.208 
54507000.0 -12.152 -12.469 -12.35 -12.204 
55303000.0 -12.143 -12.461 -12.347 -12.201 
56111000.0 -12.136 -12.454 -12.34 -12.196 
56931000.0 -12.128 -12.446 -12.33 -12.193 
57763000.0 -12.12 -12.435 -12.321 -12.187 
58608000.0 -12.112 -12.425 -12.312 -12.182 
59464000.0 -12.104 -12.416 -12.302 -12.177 
60333000.0 -12.097 -12.406 -12.294 -12.172 
61215000.0 -12.09 -12.397 -12.285 -12.166 
62109000.0 -12.081 -12.388 -12.277 -12.161 
63017000.0 -12.075 -12.378 -12.267 -12.157 
63938000.0 -12.067 -12.368 -12.257 -12.15 
64872000.0 -12.061 -12.359 -12.247 -12.144 
65821000.0 -12.053 -12.351 -12.238 -12.138 
66782000.0 -12.043 -12.341 -12.228 -12.128 
67758000.0 -12.035 -12.331 -12.219 -12.113 
68749000.0 -12.027 -12.322 -12.208 -12.098 
69753000.0 -12.019 -12.312 -12.198 -12.081 
70773000.0 -12.009 -12.303 -12.189 -12.064 
71807000.0 -12.001 -12.293 -12.177 -12.045 
72856000.0 -11.997 -12.282 -12.166 -12.026 
73921000.0 -11.992 -12.272 -12.154 -12.012 
75001000.0 -11.987 -12.261 -12.141 -12.002 
76098000.0 -11.983 -12.25 -12.127 -11.993 
77210000.0 -11.98 -12.238 -12.114 -11.983 
78338000.0 -11.977 -12.229 -12.103 -11.972 
79483000.0 -11.974 -12.219 -12.092 -11.964 
80644000.0 -11.976 -12.21 -12.082 -11.954 
81823000.0 -11.97 -12.2 -12.071 -11.944 
83019000.0 -11.972 -12.191 -12.062 -11.935 
84232000.0 -11.972 -12.182 -12.051 -11.926 
85463000.0 -11.969 -12.174 -12.041 -11.916 
86712000.0 -11.969 -12.164 -12.03 -11.906 
87979000.0 -11.971 -12.155 -12.021 -11.897 
89265000.0 -11.973 -12.146 -12.009 -11.888 
90569000.0 -11.973 -12.137 -12.0 -11.877 
91893000.0 -11.976 -12.128 -11.99 -11.868 
93236000.0 -11.978 -12.12 -11.979 -11.859 
94599000.0 -11.981 -12.11 -11.969 -11.85 
95981000.0 -11.986 -12.101 -11.957 -11.841 
97384000.0 -11.992 -12.093 -11.947 -11.831 
98807000.0 -11.999 -12.083 -11.936 -11.823 
100250000.0 -12.005 -12.074 -11.926 -11.813 
101720000.0 -12.015 -12.065 -11.915 -11.803 
103200000.0 -12.022 -12.056 -11.904 -11.794 
104710000.0 -12.021 -12.048 -11.894 -11.785 
106240000.0 -12.02 -12.041 -11.883 -11.776 
107790000.0 -12.019 -12.034 -11.872 -11.766 
109370000.0 -12.018 -12.027 -11.862 -11.757 
110970000.0 -12.016 -12.02 -11.852 -11.747 
112590000.0 -12.016 -12.013 -11.841 -11.739 
114230000.0 -12.013 -12.007 -11.832 -11.729 
115900000.0 -12.011 -12.001 -11.821 -11.721 
117600000.0 -12.01 -11.992 -11.811 -11.711 
119320000.0 -12.007 -11.983 -11.799 -11.7 
121060000.0 -12.005 -11.973 -11.789 -11.689 
122830000.0 -12.002 -11.964 -11.778 -11.678 
124620000.0 -11.998 -11.956 -11.767 -11.667 
126450000.0 -11.994 -11.945 -11.756 -11.656 
128290000.0 -11.986 -11.936 -11.746 -11.645 
130170000.0 -11.98 -11.926 -11.734 -11.634 
132070000.0 -11.973 -11.915 -11.724 -11.622 
134000000.0 -11.966 -11.905 -11.712 -11.611 
135960000.0 -11.959 -11.896 -11.701 -11.601 
137950000.0 -11.952 -11.885 -11.69 -11.588 
139960000.0 -11.944 -11.874 -11.679 -11.578 
142010000.0 -11.939 -11.863 -11.665 -11.566 
144080000.0 -11.933 -11.853 -11.655 -11.554 
146190000.0 -11.922 -11.841 -11.642 -11.541 
148320000.0 -11.919 -11.829 -11.628 -11.529 
150490000.0 -11.909 -11.818 -11.616 -11.516 
152690000.0 -11.904 -11.808 -11.603 -11.505 
154920000.0 -11.893 -11.798 -11.59 -11.494 
157190000.0 -11.888 -11.788 -11.578 -11.483 
159480000.0 -11.88 -11.777 -11.566 -11.473 
161810000.0 -11.874 -11.767 -11.554 -11.463 
164180000.0 -11.864 -11.756 -11.542 -11.453 
166580000.0 -11.857 -11.745 -11.53 -11.446 
169010000.0 -11.848 -11.736 -11.516 -11.439 
171480000.0 -11.842 -11.725 -11.505 -11.431 
173990000.0 -11.831 -11.715 -11.491 -11.423 
176530000.0 -11.825 -11.704 -11.478 -11.416 
179110000.0 -11.813 -11.694 -11.465 -11.409 
181730000.0 -11.804 -11.684 -11.452 -11.4 
184390000.0 -11.794 -11.673 -11.44 -11.392 
187080000.0 -11.783 -11.66 -11.428 -11.385 
189810000.0 -11.775 -11.649 -11.417 -11.375 
192590000.0 -11.762 -11.638 -11.406 -11.369 
195400000.0 -11.753 -11.626 -11.395 -11.358 
198260000.0 -11.741 -11.615 -11.386 -11.35 
201160000.0 -11.731 -11.602 -11.379 -11.341 
204100000.0 -11.719 -11.591 -11.37 -11.332 
207080000.0 -11.705 -11.579 -11.361 -11.324 
210100000.0 -11.695 -11.567 -11.353 -11.314 
213180000.0 -11.683 -11.556 -11.344 -11.305 
216290000.0 -11.672 -11.543 -11.335 -11.297 
219450000.0 -11.671 -11.532 -11.327 -11.288 
222660000.0 -11.671 -11.519 -11.318 -11.278 
225910000.0 -11.67 -11.507 -11.309 -11.269 
229210000.0 -11.671 -11.494 -11.3 -11.26 
232560000.0 -11.672 -11.48 -11.29 -11.25 
235960000.0 -11.673 -11.468 -11.281 -11.242 
239410000.0 -11.675 -11.455 -11.271 -11.232 
242910000.0 -11.677 -11.442 -11.262 -11.223 
246460000.0 -11.68 -11.429 -11.252 -11.214 
250060000.0 -11.684 -11.418 -11.242 -11.204 
253720000.0 -11.688 -11.406 -11.232 -11.194 
257420000.0 -11.694 -11.393 -11.222 -11.185 
261190000.0 -11.7 -11.38 -11.213 -11.173 
265000000.0 -11.706 -11.371 -11.204 -11.164 
268880000.0 -11.713 -11.36 -11.194 -11.154 
272800000.0 -11.722 -11.352 -11.184 -11.144 
276790000.0 -11.732 -11.344 -11.175 -11.135 
280840000.0 -11.742 -11.333 -11.165 -11.125 
284940000.0 -11.752 -11.325 -11.155 -11.115 
289110000.0 -11.761 -11.317 -11.146 -11.104 
293330000.0 -11.775 -11.307 -11.137 -11.096 
297620000.0 -11.79 -11.299 -11.127 -11.085 
301970000.0 -11.804 -11.289 -11.118 -11.076 
306380000.0 -11.802 -11.281 -11.109 -11.065 
310860000.0 -11.786 -11.27 -11.099 -11.056 
315400000.0 -11.772 -11.262 -11.09 -11.047 
320010000.0 -11.758 -11.253 -11.08 -11.036 
324690000.0 -11.745 -11.243 -11.071 -11.027 
329430000.0 -11.731 -11.234 -11.061 -11.016 
334250000.0 -11.719 -11.225 -11.051 -11.007 
339130000.0 -11.707 -11.215 -11.041 -10.996 
344090000.0 -11.695 -11.206 -11.031 -10.987 
349110000.0 -11.684 -11.197 -11.021 -10.977 
354220000.0 -11.673 -11.189 -11.011 -10.967 
359390000.0 -11.661 -11.181 -11.001 -10.956 
364650000.0 -11.653 -11.173 -10.991 -10.947 
369970000.0 -11.643 -11.165 -10.981 -10.937 
375380000.0 -11.634 -11.158 -10.97 -10.928 
380870000.0 -11.626 -11.15 -10.961 -10.917 
386430000.0 -11.617 -11.142 -10.952 -10.908 
392080000.0 -11.609 -11.134 -10.941 -10.898 
397810000.0 -11.603 -11.127 -10.932 -10.889 
403620000.0 -11.595 -11.12 -10.923 -10.879 
409520000.0 -11.587 -11.114 -10.913 -10.868 
415510000.0 -11.581 -11.11 -10.904 -10.859 
421580000.0 -11.575 -11.105 -10.895 -10.848 
427740000.0 -11.57 -11.099 -10.886 -10.84 
433990000.0 -11.566 -11.095 -10.877 -10.83 
440330000.0 -11.56 -11.09 -10.868 -10.82 
446770000.0 -11.557 -11.085 -10.859 -10.809 
453300000.0 -11.551 -11.08 -10.85 -10.8 
459920000.0 -11.548 -11.076 -10.841 -10.791 
466640000.0 -11.54 -11.072 -10.832 -10.781 
473460000.0 -11.522 -11.069 -10.823 -10.772 
480380000.0 -11.503 -11.064 -10.815 -10.762 
487400000.0 -11.483 -11.061 -10.805 -10.753 
494530000.0 -11.463 -11.058 -10.795 -10.743 
501750000.0 -11.443 -11.052 -10.786 -10.732 
509090000.0 -11.422 -11.045 -10.776 -10.723 
516530000.0 -11.402 -11.04 -10.767 -10.713 
524080000.0 -11.381 -11.037 -10.756 -10.703 
531730000.0 -11.358 -11.034 -10.745 -10.693 
539510000.0 -11.336 -11.03 -10.736 -10.683 
547390000.0 -11.313 -11.028 -10.725 -10.673 
555390000.0 -11.292 -11.026 -10.715 -10.664 
563510000.0 -11.269 -11.022 -10.705 -10.654 
571740000.0 -11.247 -11.019 -10.695 -10.644 
580100000.0 -11.222 -11.017 -10.684 -10.634 
588570000.0 -11.2 -11.015 -10.673 -10.623 
597180000.0 -11.175 -11.012 -10.663 -10.613 
605900000.0 -11.151 -11.01 -10.652 -10.603 
614760000.0 -11.126 -11.007 -10.642 -10.591 
623740000.0 -11.103 -11.006 -10.632 -10.581 
632860000.0 -11.079 -11.003 -10.621 -10.571 
642110000.0 -11.049 -11.001 -10.611 -10.56 
651490000.0 -11.031 -10.998 -10.601 -10.55 
661010000.0 -11.015 -10.995 -10.59 -10.538 
670670000.0 -11.0 -10.993 -10.581 -10.527 
680470000.0 -10.985 -10.992 -10.57 -10.516 
690420000.0 -10.972 -10.995 -10.56 -10.505 
700510000.0 -10.957 -10.991 -10.551 -10.495 
710740000.0 -10.945 -10.982 -10.54 -10.484 
721130000.0 -10.932 -10.971 -10.53 -10.473 
731670000.0 -10.917 -10.962 -10.52 -10.462 
742360000.0 -10.904 -10.951 -10.509 -10.452 
753210000.0 -10.892 -10.941 -10.499 -10.44 
764220000.0 -10.88 -10.93 -10.489 -10.43 
775390000.0 -10.868 -10.921 -10.479 -10.419 
786720000.0 -10.857 -10.908 -10.468 -10.407 
798220000.0 -10.845 -10.897 -10.459 -10.396 
809880000.0 -10.833 -10.882 -10.449 -10.385 
821720000.0 -10.822 -10.873 -10.438 -10.374 
833730000.0 -10.818 -10.86 -10.427 -10.363 
845910000.0 -10.808 -10.848 -10.415 -10.352 
858270000.0 -10.797 -10.836 -10.405 -10.341 
870820000.0 -10.787 -10.822 -10.394 -10.33 
883540000.0 -10.777 -10.809 -10.383 -10.318 
896450000.0 -10.767 -10.795 -10.372 -10.307 
909550000.0 -10.759 -10.781 -10.361 -10.296 
922850000.0 -10.751 -10.767 -10.351 -10.284 
936330000.0 -10.744 -10.751 -10.34 -10.272 
950020000.0 -10.738 -10.737 -10.328 -10.261 
963900000.0 -10.725 -10.718 -10.317 -10.25 
977990000.0 -10.719 -10.699 -10.305 -10.237 
992280000.0 -10.712 -10.683 -10.294 -10.227 
1006800000.0 -10.704 -10.668 -10.283 -10.215 
1021500000.0 -10.699 -10.652 -10.272 -10.203 
1036400000.0 -10.694 -10.637 -10.262 -10.192 
1051600000.0 -10.689 -10.622 -10.249 -10.181 
1066900000.0 -10.685 -10.607 -10.239 -10.169 
1082500000.0 -10.681 -10.592 -10.228 -10.16 
1098400000.0 -10.68 -10.583 -10.217 -10.148 
1114400000.0 -10.684 -10.574 -10.206 -10.138 
1130700000.0 -10.704 -10.569 -10.195 -10.126 
1147200000.0 -10.706 -10.563 -10.19 -10.115 
1164000000.0 -10.71 -10.56 -10.185 -10.104 
1181000000.0 -10.715 -10.56 -10.181 -10.096 
1198200000.0 -10.721 -10.559 -10.179 -10.091 
1215800000.0 -10.728 -10.568 -10.177 -10.087 
1233500000.0 -10.735 -10.572 -10.179 -10.082 
1251600000.0 -10.743 -10.593 -10.18 -10.08 
1269800000.0 -10.752 -10.606 -10.183 -10.078 
1288400000.0 -10.741 -10.621 -10.193 -10.077 
1307200000.0 -10.747 -10.634 -10.196 -10.076 
1326300000.0 -10.754 -10.639 -10.204 -10.08 
1345700000.0 -10.748 -10.647 -10.211 -10.082 
1365400000.0 -10.74 -10.654 -10.212 -10.084 
1385300000.0 -10.73 -10.664 -10.212 -10.09 
1405600000.0 -10.715 -10.702 -10.214 -10.087 
1426100000.0 -10.697 -10.805 -10.215 -10.084 
1447000000.0 -10.641 -11.025 -10.219 -10.084 
1468100000.0 -10.586 -10.515 -10.255 -10.08 
1489600000.0 -10.562 -10.457 -10.279 -10.08 
1511300000.0 -10.54 -10.411 -10.294 -10.106 
1533400000.0 -10.522 -10.362 -10.317 -10.098 
1555800000.0 -10.502 -10.332 -10.055 -10.089 
1578600000.0 -10.485 -10.307 -10.013 -10.077 
1601600000.0 -10.471 -10.286 -9.988 -10.052 
1625000000.0 -10.46 -10.267 -9.963 -9.921 
1648800000.0 -10.447 -10.252 -9.943 -9.886 
1672900000.0 -10.437 -10.28 -9.924 -9.86 
1697300000.0 -10.432 -10.259 -9.908 -9.833 
1722100000.0 -10.427 -10.238 -9.895 -9.81 
1747300000.0 -10.45 -10.219 -9.888 -9.788 
1772800000.0 -10.444 -10.2 -9.884 -9.767 
1798800000.0 -10.438 -10.181 -9.868 -9.749 
1825000000.0 -10.433 -10.164 -9.852 -9.741 
1851700000.0 -10.427 -10.145 -9.834 -9.723 
1878800000.0 -10.419 -10.127 -9.82 -9.706 
1906200000.0 -10.415 -10.11 -9.804 -9.687 
1934100000.0 -10.41 -10.094 -9.788 -9.672 
1962400000.0 -10.401 -10.079 -9.771 -9.654 
1991000000.0 -10.392 -10.063 -9.757 -9.639 
2020100000.0 -10.375 -10.048 -9.745 -9.623 
2049700000.0 -10.363 -10.033 -9.726 -9.607 
2079600000.0 -10.347 -10.017 -9.712 -9.593 
2110000000.0 -10.328 -10.001 -9.697 -9.579 
2140800000.0 -10.31 -9.985 -9.685 -9.567 
2172100000.0 -10.3 -9.97 -9.671 -9.552 
2203900000.0 -10.285 -9.954 -9.659 -9.538 
2236100000.0 -10.274 -9.94 -9.645 -9.525 
2268800000.0 -10.262 -9.931 -9.634 -9.511 
2301900000.0 -10.249 -9.919 -9.618 -9.495 
2335500000.0 -10.236 -9.905 -9.605 -9.479 
2369700000.0 -10.224 -9.894 -9.591 -9.465 
2404300000.0 -10.211 -9.887 -9.58 -9.451 
2439400000.0 -10.198 -9.874 -9.568 -9.437 
2475100000.0 -10.185 -9.861 -9.555 -9.423 
2511300000.0 -10.171 -9.848 -9.541 -9.408 
2548000000.0 -10.154 -9.839 -9.528 -9.271 
2585200000.0 -10.14 -9.828 -9.516 -9.38 
2623000000.0 -10.127 -9.817 -9.503 -9.365 
2661300000.0 -10.113 -9.808 -9.488 -9.349 
2700200000.0 -10.101 -9.798 -9.475 -9.336 
2739700000.0 -10.09 -9.791 -9.462 -9.321 
2779700000.0 -10.079 -9.781 -9.449 -9.307 
2820300000.0 -10.066 -9.76 -9.439 -9.292 
2861600000.0 -10.054 -9.747 -9.426 -9.278 
2903400000.0 -10.041 -9.73 -9.414 -9.265 
2945800000.0 -10.03 -9.714 -9.404 -9.254 
2988900000.0 -10.018 -9.701 -9.392 -9.241 
3032500000.0 -10.006 -9.688 -9.38 -9.23 
3076900000.0 -9.995 -9.675 -9.366 -9.219 
3121800000.0 -9.982 -9.664 -9.353 -9.206 
3167400000.0 -9.97 -9.65 -9.34 -9.194 
3213700000.0 -9.959 -9.636 -9.328 -9.182 
3260700000.0 -9.95 -9.624 -9.316 -9.171 
3308300000.0 -9.942 -9.613 -9.306 -9.161 
3356700000.0 -9.934 -9.599 -9.293 -9.151 
3405800000.0 -9.926 -9.588 -9.282 -9.139 
3455500000.0 -9.916 -9.572 -9.272 -9.129 
3506000000.0 -9.901 -9.56 -9.258 -9.12 
3557300000.0 -9.884 -9.548 -9.244 -9.111 
3609200000.0 -9.87 -9.544 -9.228 -9.102 
3662000000.0 -9.857 -9.541 -9.212 -9.093 
3715500000.0 -9.842 -9.532 -9.2 -9.08 
3769800000.0 -9.828 -9.526 -9.19 -9.069 
3824900000.0 -9.814 -9.516 -9.176 -9.056 
3880800000.0 -9.8 -9.506 -9.165 -9.043 
3937500000.0 -9.788 -9.493 -9.153 -9.032 
3995100000.0 -9.775 -9.482 -9.143 -9.02 
4053400000.0 -9.761 -9.47 -9.13 -9.01 
4112700000.0 -9.749 -9.459 -9.113 -8.999 
4172800000.0 -9.738 -9.449 -9.101 -8.987 
4233800000.0 -9.726 -9.437 -9.091 -8.977 
4295600000.0 -9.714 -9.428 -9.081 -8.965 
4358400000.0 -9.703 -9.417 -9.071 -8.955 
4422100000.0 -9.693 -9.404 -9.064 -8.94 
4486700000.0 -9.681 -9.394 -9.055 -8.93 
4552300000.0 -9.669 -9.383 -9.051 -8.921 
4618800000.0 -9.659 -9.369 -9.044 -8.912 
4686300000.0 -9.649 -9.354 -9.036 -8.902 
4754800000.0 -9.638 -9.332 -9.028 -8.887 
4824300000.0 -9.628 -9.318 -9.015 -8.874 
4894800000.0 -9.613 -9.302 -9.002 -8.858 
4966300000.0 -9.605 -9.287 -8.99 -8.844 
5038900000.0 -9.595 -9.274 -8.977 -8.831 
5112600000.0 -9.582 -9.261 -8.965 -8.817 
5187300000.0 -9.571 -9.245 -8.953 -8.805 
5263100000.0 -9.561 -9.233 -8.941 -8.791 
5340000000.0 -9.548 -9.218 -8.926 -8.776 
5418000000.0 -9.537 -9.204 -8.913 -8.763 
5497200000.0 -9.525 -9.189 -8.9 -8.748 
5577600000.0 -9.515 -9.177 -8.886 -8.734 
5659100000.0 -9.504 -9.162 -8.871 -8.721 
5741800000.0 -9.492 -9.147 -8.86 -8.705 
5825700000.0 -9.479 -9.133 -8.845 -8.69 
5910800000.0 -9.471 -9.118 -8.827 -8.677 
5997200000.0 -9.459 -9.104 -8.8 -8.663 
6084900000.0 -9.445 -9.092 -8.77 -8.649 
6173800000.0 -9.434 -9.073 -8.745 -8.635 
6264000000.0 -9.425 -9.059 -8.731 -8.621 
6355500000.0 -9.415 -9.045 -8.716 -8.61 
6448400000.0 -9.403 -9.026 -8.701 -8.602 
6542700000.0 -9.392 -9.011 -8.687 -8.592 
6638300000.0 -9.387 -8.995 -8.674 -8.581 
6735300000.0 -9.368 -8.979 -8.658 -8.567 
6833700000.0 -9.361 -8.965 -8.646 -8.555 
6933600000.0 -9.35 -8.951 -8.63 -8.543 
7034900000.0 -9.339 -8.937 -8.618 -8.53 
7137700000.0 -9.329 -8.921 -8.603 -8.519 
7242000000.0 -9.319 -8.909 -8.59 -8.506 
7347900000.0 -9.306 -8.893 -8.575 -8.491 
7455300000.0 -9.297 -8.882 -8.562 -8.48 
7564200000.0 -9.285 -8.87 -8.55 -8.466 
7674800000.0 -9.274 -8.857 -8.537 -8.454 
7786900000.0 -9.265 -8.843 -8.525 -8.441 
7900700000.0 -9.258 -8.828 -8.51 -8.427 
8016200000.0 -9.242 -8.817 -8.497 -8.414 
8133300000.0 -9.233 -8.801 -8.485 -8.401 
8252200000.0 -9.225 -8.788 -8.471 -8.387 
8372800000.0 -9.208 -8.783 -8.466 -8.375 
8495200000.0 -9.197 -8.767 -8.471 -8.361 
8619300000.0 -9.186 -8.757 -8.476 -8.351 
8745300000.0 -9.18 -8.739 -8.466 -8.34 
8873100000.0 -9.149 -8.726 -8.455 -8.327 
9002800000.0 -9.154 -8.714 -8.445 -8.317 
9134300000.0 -9.146 -8.703 -8.435 -8.307 
9267800000.0 -9.12 -8.692 -8.424 -8.293 
9403300000.0 -9.122 -8.701 -8.413 -8.284 
9540700000.0 -9.085 -8.701 -8.401 -8.27 
9680100000.0 -9.073 -8.685 -8.391 -8.258 
9821600000.0 -9.082 -8.684 -8.383 -8.246 
9965100000.0 -9.07 -8.662 -8.369 -8.233 
10111000000.0 -9.054 -8.661 -8.36 -8.221 
10258000000.0 -9.043 -8.645 -8.349 -8.209 
10408000000.0 -9.025 -8.642 -8.337 -8.197 
10561000000.0 -9.01 -8.627 -8.327 -8.186 
10715000000.0 -9.001 -8.611 -8.319 -8.174 
10871000000.0 -8.987 -8.603 -8.306 -8.162 
11030000000.0 -8.979 -8.59 -8.299 -8.151 
11192000000.0 -8.962 -8.582 -8.287 -8.139 
11355000000.0 -8.944 -8.571 -8.277 -8.127 
11521000000.0 -8.932 -8.562 -8.265 -8.117 
11689000000.0 -8.897 -8.552 -8.256 -8.107 
11860000000.0 -8.909 -8.54 -8.247 -8.095 
12034000000.0 -8.864 -8.531 -8.234 -8.084 
12209000000.0 -8.881 -8.518 -8.224 -8.072 
12388000000.0 -8.869 -8.51 -8.209 -8.061 
12569000000.0 -8.866 -8.499 -8.197 -8.048 
12753000000.0 -8.856 -8.487 -8.19 -8.03 
12939000000.0 -8.793 -8.477 -8.176 -8.015 
13128000000.0 -8.816 -8.465 -8.166 -8.004 
13320000000.0 -8.816 -8.455 -8.16 -7.99 
13515000000.0 -8.805 -8.442 -8.147 -7.979 
13712000000.0 -8.78 -8.44 -8.135 -7.969 
13912000000.0 -8.775 -8.42 -8.124 -7.954 
14116000000.0 -8.766 -8.419 -8.113 -7.945 
14322000000.0 -8.753 -8.4 -8.104 -7.931 
14531000000.0 -8.741 -8.39 -8.086 -7.918 
14744000000.0 -8.727 -8.372 -8.079 -7.906 
14959000000.0 -8.665 -8.372 -8.067 -7.894 
15178000000.0 -8.714 -8.355 -8.058 -7.883 
15400000000.0 -8.696 -8.34 -8.047 -7.87 
15625000000.0 -8.646 -8.329 -8.034 -7.858 
15853000000.0 -8.667 -8.318 -8.023 -7.847 
16085000000.0 -8.68 -8.307 -8.017 -7.834 
16320000000.0 -8.652 -8.293 -8.004 -7.823 
16558000000.0 -8.655 -8.283 -7.999 -7.809 
16800000000.0 -8.647 -8.27 -7.982 -7.8 
17046000000.0 -8.636 -8.268 -7.969 -7.787 
17295000000.0 -8.633 -8.244 -7.959 -7.775 
17548000000.0 -8.614 -8.229 -7.952 -7.762 
17804000000.0 -8.605 -8.217 -7.939 -7.75 
18064000000.0 -8.604 -8.201 -7.928 -7.738 
18328000000.0 -8.523 -8.201 -7.916 -7.73 
18596000000.0 -8.593 -8.186 -7.905 -7.716 
18868000000.0 -8.563 -8.17 -7.894 -7.707 
19144000000.0 -8.561 -8.148 -7.883 -7.702 
19423000000.0 -8.546 -8.146 -7.869 -7.707 
19707000000.0 -8.549 -8.144 -7.857 -7.697 
19995000000.0 -8.544 -8.112 -7.85 -7.684 
