#METAL 0.0004 0.008 0.02 0.05 
10000.0 -15.133 -15.282 -15.101 -15.064 
10146.0 -15.133 -15.282 -15.101 -15.064 
10294.0 -15.133 -15.282 -15.101 -15.064 
10445.0 -15.133 -15.282 -15.101 -15.064 
10598.0 -15.133 -15.282 -15.101 -15.064 
10752.0 -15.133 -15.282 -15.101 -15.064 
10910.0 -15.133 -15.282 -15.101 -15.064 
11069.0 -15.133 -15.282 -15.101 -15.064 
11231.0 -15.133 -15.282 -15.101 -15.064 
11395.0 -15.133 -15.282 -15.101 -15.064 
11561.0 -15.133 -15.282 -15.101 -15.064 
11730.0 -15.133 -15.282 -15.101 -15.064 
11902.0 -15.133 -15.282 -15.101 -15.064 
12076.0 -15.133 -15.282 -15.101 -15.064 
12252.0 -15.133 -15.282 -15.101 -15.064 
12431.0 -15.133 -15.282 -15.101 -15.064 
12613.0 -15.133 -15.282 -15.101 -15.066 
12797.0 -15.133 -15.282 -15.101 -15.066 
12984.0 -15.133 -15.282 -15.101 -15.066 
13174.0 -15.133 -15.282 -15.101 -15.066 
13367.0 -15.133 -15.282 -15.101 -15.066 
13562.0 -15.133 -15.282 -15.101 -15.066 
13760.0 -15.133 -15.282 -15.101 -15.066 
13961.0 -15.133 -15.282 -15.101 -15.066 
14165.0 -15.133 -15.282 -15.101 -15.066 
14372.0 -15.133 -15.282 -15.101 -15.066 
14582.0 -15.133 -15.282 -15.101 -15.066 
14795.0 -15.133 -15.282 -15.101 -15.066 
15012.0 -15.133 -15.282 -15.101 -15.066 
15231.0 -15.132 -15.282 -15.101 -15.066 
15454.0 -15.132 -15.282 -15.101 -15.066 
15679.0 -15.132 -15.282 -15.101 -15.066 
15909.0 -15.132 -15.282 -15.101 -15.066 
16141.0 -15.132 -15.282 -15.101 -15.066 
16377.0 -15.132 -15.282 -15.101 -15.066 
16616.0 -15.132 -15.282 -15.101 -15.07 
16859.0 -15.132 -15.282 -15.101 -15.07 
17105.0 -15.132 -15.282 -15.101 -15.07 
17355.0 -15.132 -15.283 -15.101 -15.07 
17609.0 -15.132 -15.283 -15.101 -15.07 
17866.0 -15.132 -15.283 -15.101 -15.07 
18128.0 -15.132 -15.283 -15.101 -15.07 
18392.0 -15.132 -15.283 -15.101 -15.07 
18661.0 -15.132 -15.283 -15.101 -15.07 
18934.0 -15.132 -15.283 -15.101 -15.07 
19211.0 -15.132 -15.283 -15.1 -15.07 
19491.0 -15.132 -15.283 -15.1 -15.07 
19776.0 -15.132 -15.283 -15.1 -15.07 
20065.0 -15.133 -15.283 -15.1 -15.071 
20358.0 -15.133 -15.283 -15.1 -15.071 
20656.0 -15.133 -15.283 -15.1 -15.072 
20958.0 -15.133 -15.283 -15.1 -15.072 
21264.0 -15.133 -15.283 -15.1 -15.071 
21575.0 -15.133 -15.283 -15.1 -15.071 
21890.0 -15.133 -15.283 -15.1 -15.073 
22210.0 -15.133 -15.283 -15.101 -15.073 
22535.0 -15.133 -15.283 -15.101 -15.074 
22864.0 -15.133 -15.283 -15.101 -15.074 
23198.0 -15.133 -15.283 -15.101 -15.074 
23537.0 -15.133 -15.283 -15.101 -15.074 
23881.0 -15.133 -15.283 -15.101 -15.074 
24230.0 -15.133 -15.283 -15.101 -15.074 
24584.0 -15.133 -15.283 -15.101 -15.076 
24944.0 -15.133 -15.283 -15.101 -15.076 
25308.0 -15.133 -15.283 -15.101 -15.076 
25678.0 -15.133 -15.283 -15.101 -15.076 
26053.0 -15.133 -15.283 -15.101 -15.076 
26434.0 -15.133 -15.283 -15.101 -15.076 
26820.0 -15.133 -15.283 -15.101 -15.076 
27212.0 -15.133 -15.283 -15.101 -15.078 
27610.0 -15.133 -15.283 -15.101 -15.078 
28013.0 -15.133 -15.283 -15.101 -15.078 
28423.0 -15.133 -15.283 -15.101 -15.078 
28838.0 -15.133 -15.284 -15.101 -15.078 
29260.0 -15.134 -15.284 -15.102 -15.08 
29687.0 -15.134 -15.284 -15.102 -15.08 
30121.0 -15.134 -15.284 -15.102 -15.08 
30561.0 -15.134 -15.284 -15.102 -15.08 
31008.0 -15.134 -15.284 -15.102 -15.08 
31461.0 -15.134 -15.284 -15.102 -15.083 
31921.0 -15.134 -15.284 -15.102 -15.083 
32387.0 -15.134 -15.284 -15.102 -15.083 
32861.0 -15.134 -15.284 -15.1 -15.085 
33341.0 -15.134 -15.284 -15.1 -15.085 
33828.0 -15.134 -15.284 -15.1 -15.085 
34322.0 -15.134 -15.284 -15.1 -15.085 
34824.0 -15.134 -15.284 -15.1 -15.086 
35333.0 -15.134 -15.284 -15.1 -15.086 
35849.0 -15.134 -15.284 -15.1 -15.087 
36373.0 -15.134 -15.284 -15.1 -15.09 
36905.0 -15.134 -15.284 -15.1 -15.09 
37444.0 -15.134 -15.284 -15.1 -15.092 
37991.0 -15.134 -15.284 -15.1 -15.092 
38547.0 -15.135 -15.284 -15.1 -15.094 
39110.0 -15.135 -15.284 -15.101 -15.094 
39681.0 -15.135 -15.285 -15.1 -15.095 
40261.0 -15.135 -15.285 -15.1 -15.095 
40850.0 -15.135 -15.285 -15.1 -15.095 
41447.0 -15.135 -15.285 -15.101 -15.096 
42052.0 -15.135 -15.285 -15.102 -15.096 
42667.0 -15.135 -15.285 -15.102 -15.095 
43291.0 -15.135 -15.285 -15.102 -15.096 
43923.0 -15.135 -15.285 -15.102 -15.096 
44565.0 -15.135 -15.285 -15.102 -15.096 
45216.0 -15.135 -15.285 -15.102 -15.096 
45877.0 -15.135 -15.284 -15.1 -15.096 
46548.0 -15.135 -15.284 -15.099 -15.096 
47228.0 -15.135 -15.284 -15.099 -15.096 
47918.0 -15.136 -15.284 -15.099 -15.096 
48618.0 -15.136 -15.284 -15.099 -15.096 
49329.0 -15.136 -15.284 -15.099 -15.096 
50050.0 -15.136 -15.284 -15.099 -15.096 
50781.0 -15.136 -15.284 -15.099 -15.096 
51523.0 -15.136 -15.284 -15.099 -15.096 
52276.0 -15.136 -15.284 -15.099 -15.096 
53040.0 -15.136 -15.284 -15.099 -15.096 
53816.0 -15.136 -15.284 -15.099 -15.096 
54602.0 -15.136 -15.284 -15.099 -15.096 
55400.0 -15.136 -15.284 -15.099 -15.096 
56210.0 -15.136 -15.284 -15.099 -15.096 
57031.0 -15.136 -15.284 -15.099 -15.096 
57864.0 -15.137 -15.284 -15.098 -15.097 
58710.0 -15.137 -15.284 -15.098 -15.099 
59568.0 -15.137 -15.284 -15.098 -15.099 
60439.0 -15.137 -15.284 -15.098 -15.099 
61322.0 -15.137 -15.284 -15.099 -15.099 
62218.0 -15.137 -15.284 -15.099 -15.099 
63127.0 -15.137 -15.284 -15.099 -15.098 
64050.0 -15.137 -15.285 -15.099 -15.098 
64986.0 -15.137 -15.285 -15.099 -15.098 
65936.0 -15.137 -15.285 -15.099 -15.098 
66899.0 -15.138 -15.285 -15.099 -15.098 
67877.0 -15.138 -15.285 -15.1 -15.098 
68869.0 -15.138 -15.285 -15.098 -15.098 
69875.0 -15.138 -15.285 -15.098 -15.098 
70897.0 -15.138 -15.285 -15.098 -15.097 
71933.0 -15.138 -15.285 -15.098 -15.098 
72984.0 -15.138 -15.285 -15.098 -15.098 
74050.0 -15.138 -15.285 -15.098 -15.097 
75133.0 -15.138 -15.286 -15.099 -15.094 
76231.0 -15.139 -15.286 -15.099 -15.094 
77345.0 -15.139 -15.286 -15.099 -15.095 
78475.0 -15.139 -15.286 -15.099 -15.094 
79622.0 -15.139 -15.286 -15.098 -15.095 
80785.0 -15.139 -15.285 -15.098 -15.094 
81966.0 -15.139 -15.285 -15.098 -15.094 
83164.0 -15.139 -15.285 -15.098 -15.094 
84379.0 -15.14 -15.285 -15.098 -15.094 
85612.0 -15.141 -15.285 -15.098 -15.095 
86864.0 -15.141 -15.285 -15.098 -15.095 
88133.0 -15.141 -15.285 -15.099 -15.095 
89421.0 -15.141 -15.286 -15.099 -15.095 
90728.0 -15.141 -15.286 -15.098 -15.095 
92054.0 -15.141 -15.285 -15.098 -15.095 
93399.0 -15.141 -15.285 -15.098 -15.095 
94764.0 -15.141 -15.285 -15.098 -15.096 
96149.0 -15.142 -15.285 -15.098 -15.096 
97554.0 -15.142 -15.285 -15.098 -15.096 
98980.0 -15.142 -15.285 -15.098 -15.097 
100430.0 -15.142 -15.286 -15.097 -15.098 
101890.0 -15.142 -15.286 -15.098 -15.098 
103380.0 -15.142 -15.286 -15.098 -15.099 
104890.0 -15.143 -15.286 -15.098 -15.099 
106430.0 -15.143 -15.286 -15.098 -15.099 
107980.0 -15.143 -15.287 -15.098 -15.1 
109560.0 -15.143 -15.287 -15.097 -15.1 
111160.0 -15.143 -15.287 -15.097 -15.1 
112790.0 -15.143 -15.287 -15.098 -15.1 
114430.0 -15.144 -15.285 -15.098 -15.1 
116110.0 -15.144 -15.285 -15.098 -15.101 
117800.0 -15.144 -15.286 -15.098 -15.102 
119520.0 -15.144 -15.286 -15.097 -15.102 
121270.0 -15.144 -15.286 -15.097 -15.101 
123040.0 -15.145 -15.286 -15.097 -15.101 
124840.0 -15.145 -15.286 -15.096 -15.101 
126670.0 -15.145 -15.286 -15.096 -15.101 
128520.0 -15.145 -15.286 -15.095 -15.101 
130400.0 -15.145 -15.287 -15.095 -15.102 
132300.0 -15.146 -15.287 -15.095 -15.102 
134240.0 -15.146 -15.287 -15.095 -15.103 
136200.0 -15.146 -15.287 -15.095 -15.105 
138190.0 -15.146 -15.287 -15.093 -15.106 
140210.0 -15.146 -15.287 -15.091 -15.108 
142260.0 -15.146 -15.287 -15.092 -15.108 
144330.0 -15.147 -15.285 -15.093 -15.109 
146440.0 -15.147 -15.285 -15.093 -15.11 
148580.0 -15.147 -15.285 -15.093 -15.111 
150760.0 -15.147 -15.285 -15.091 -15.112 
152960.0 -15.148 -15.285 -15.092 -15.112 
155190.0 -15.148 -15.286 -15.092 -15.113 
157460.0 -15.148 -15.286 -15.092 -15.113 
159760.0 -15.148 -15.286 -15.09 -15.113 
162100.0 -15.149 -15.286 -15.09 -15.115 
164470.0 -15.149 -15.286 -15.09 -15.114 
166870.0 -15.149 -15.287 -15.091 -15.114 
169310.0 -15.149 -15.287 -15.09 -15.114 
171780.0 -15.15 -15.287 -15.09 -15.114 
174290.0 -15.15 -15.287 -15.09 -15.114 
176840.0 -15.15 -15.287 -15.09 -15.116 
179430.0 -15.15 -15.287 -15.089 -15.116 
182050.0 -15.151 -15.287 -15.089 -15.116 
184710.0 -15.151 -15.287 -15.089 -15.116 
187410.0 -15.151 -15.288 -15.089 -15.117 
190150.0 -15.152 -15.288 -15.088 -15.117 
192930.0 -15.152 -15.288 -15.089 -15.118 
195740.0 -15.152 -15.288 -15.089 -15.118 
198610.0 -15.153 -15.287 -15.088 -15.117 
201510.0 -15.153 -15.287 -15.087 -15.118 
204450.0 -15.154 -15.287 -15.088 -15.118 
207440.0 -15.154 -15.288 -15.088 -15.119 
210470.0 -15.155 -15.288 -15.087 -15.118 
213550.0 -15.155 -15.288 -15.087 -15.106 
216670.0 -15.155 -15.288 -15.088 -15.103 
219840.0 -15.156 -15.289 -15.087 -15.095 
223050.0 -15.156 -15.289 -15.087 -15.091 
226310.0 -15.156 -15.289 -15.087 -15.088 
229610.0 -15.157 -15.29 -15.087 -15.082 
232970.0 -15.157 -15.29 -15.087 -15.078 
236380.0 -15.158 -15.29 -15.086 -15.076 
239830.0 -15.158 -15.291 -15.086 -15.074 
243330.0 -15.158 -15.291 -15.087 -15.07 
246890.0 -15.159 -15.291 -15.086 -15.066 
250500.0 -15.159 -15.292 -15.086 -15.063 
254160.0 -15.159 -15.292 -15.086 -15.062 
257870.0 -15.16 -15.291 -15.086 -15.063 
261640.0 -15.16 -15.292 -15.084 -15.059 
265470.0 -15.161 -15.292 -15.085 -15.059 
269350.0 -15.161 -15.29 -15.084 -15.059 
273280.0 -15.162 -15.29 -15.083 -15.057 
277280.0 -15.162 -15.29 -15.084 -15.056 
281330.0 -15.162 -15.291 -15.082 -15.054 
285440.0 -15.163 -15.291 -15.082 -15.051 
289610.0 -15.164 -15.291 -15.083 -15.05 
293840.0 -15.165 -15.292 -15.082 -15.05 
298140.0 -15.165 -15.292 -15.082 -15.05 
302490.0 -15.166 -15.293 -15.082 -15.048 
306920.0 -15.166 -15.292 -15.079 -15.053 
311400.0 -15.167 -15.294 -15.08 -15.055 
315950.0 -15.167 -15.292 -15.081 -15.055 
320570.0 -15.168 -15.292 -15.079 -15.056 
325250.0 -15.168 -15.293 -15.079 -15.053 
330010.0 -15.169 -15.293 -15.079 -15.056 
334830.0 -15.169 -15.294 -15.081 -15.06 
339720.0 -15.17 -15.294 -15.079 -15.062 
344690.0 -15.17 -15.295 -15.078 -15.064 
349730.0 -15.171 -15.295 -15.079 -15.065 
354840.0 -15.171 -15.296 -15.079 -15.064 
360020.0 -15.172 -15.296 -15.077 -15.067 
365280.0 -15.172 -15.297 -15.078 -15.067 
370620.0 -15.173 -15.296 -15.078 -15.068 
376040.0 -15.175 -15.297 -15.077 -15.067 
381530.0 -15.175 -15.296 -15.075 -15.069 
387110.0 -15.176 -15.297 -15.077 -15.069 
392770.0 -15.176 -15.297 -15.075 -15.068 
398510.0 -15.177 -15.297 -15.078 -15.069 
404330.0 -15.176 -15.297 -15.081 -15.07 
410240.0 -15.176 -15.298 -15.084 -15.068 
416230.0 -15.178 -15.298 -15.087 -15.07 
422320.0 -15.179 -15.298 -15.088 -15.069 
428490.0 -15.179 -15.299 -15.092 -15.07 
434750.0 -15.18 -15.299 -15.093 -15.068 
441100.0 -15.181 -15.3 -15.094 -15.068 
447550.0 -15.181 -15.3 -15.095 -15.067 
454090.0 -15.182 -15.301 -15.094 -15.069 
460730.0 -15.183 -15.302 -15.095 -15.068 
467460.0 -15.184 -15.302 -15.097 -15.068 
474290.0 -15.184 -15.303 -15.098 -15.067 
481220.0 -15.188 -15.303 -15.099 -15.066 
488260.0 -15.188 -15.303 -15.099 -15.065 
495390.0 -15.189 -15.304 -15.101 -15.064 
502630.0 -15.19 -15.305 -15.102 -15.05 
509980.0 -15.191 -15.306 -15.101 -15.026 
517430.0 -15.192 -15.305 -15.103 -15.011 
524990.0 -15.192 -15.306 -15.104 -15.005 
532660.0 -15.193 -15.307 -15.105 -15.003 
540450.0 -15.194 -15.308 -15.105 -14.998 
548350.0 -15.195 -15.306 -15.107 -14.99 
556360.0 -15.196 -15.305 -15.108 -14.988 
564490.0 -15.198 -15.306 -15.105 -14.984 
572740.0 -15.199 -15.307 -15.107 -14.981 
581110.0 -15.2 -15.308 -15.107 -14.981 
589600.0 -15.201 -15.308 -15.107 -14.984 
598220.0 -15.202 -15.309 -15.11 -14.982 
606960.0 -15.203 -15.311 -15.111 -14.98 
615830.0 -15.204 -15.31 -15.102 -14.983 
624830.0 -15.204 -15.31 -15.1 -14.98 
633960.0 -15.205 -15.311 -15.097 -14.981 
643230.0 -15.206 -15.312 -15.095 -14.978 
652630.0 -15.207 -15.312 -15.094 -14.979 
662170.0 -15.208 -15.313 -15.094 -14.981 
671840.0 -15.21 -15.314 -15.09 -14.98 
681660.0 -15.211 -15.314 -15.088 -14.98 
691620.0 -15.212 -15.315 -15.089 -14.98 
701730.0 -15.213 -15.316 -15.087 -14.98 
711990.0 -15.215 -15.317 -15.086 -14.979 
722390.0 -15.216 -15.318 -15.086 -14.981 
732950.0 -15.217 -15.319 -15.086 -14.98 
743660.0 -15.218 -15.318 -15.083 -14.982 
754530.0 -15.22 -15.32 -15.082 -14.981 
765560.0 -15.222 -15.319 -15.081 -14.982 
776740.0 -15.221 -15.32 -15.082 -14.979 
788100.0 -15.223 -15.322 -15.081 -14.982 
799610.0 -15.225 -15.323 -15.08 -14.981 
811300.0 -15.226 -15.322 -15.082 -14.979 
823150.0 -15.227 -15.321 -15.08 -14.98 
835180.0 -15.229 -15.324 -15.08 -14.967 
847390.0 -15.23 -15.325 -15.087 -14.959 
859770.0 -15.231 -15.326 -15.089 -14.952 
872340.0 -15.234 -15.325 -15.093 -14.949 
885090.0 -15.235 -15.326 -15.094 -14.945 
898020.0 -15.237 -15.328 -15.096 -14.939 
911150.0 -15.238 -15.328 -15.099 -14.943 
924460.0 -15.24 -15.328 -15.082 -14.94 
937970.0 -15.242 -15.329 -15.076 -14.929 
951680.0 -15.244 -15.331 -15.072 -14.921 
965590.0 -15.246 -15.332 -15.069 -14.913 
979700.0 -15.247 -15.333 -15.067 -14.907 
994020.0 -15.249 -15.334 -15.067 -14.89 
1008500.0 -15.251 -15.335 -15.064 -14.881 
1023300.0 -15.253 -15.337 -15.063 -14.868 
1038200.0 -15.255 -15.337 -15.068 -14.86 
1053400.0 -15.257 -15.336 -15.074 -14.858 
1068800.0 -15.259 -15.336 -15.065 -14.853 
1084400.0 -15.261 -15.338 -15.058 -14.849 
1100300.0 -15.264 -15.338 -15.058 -14.842 
1116400.0 -15.266 -15.339 -15.051 -14.838 
1132700.0 -15.268 -15.342 -15.046 -14.831 
1149200.0 -15.27 -15.343 -15.043 -14.828 
1166000.0 -15.271 -15.345 -15.042 -14.827 
1183100.0 -15.273 -15.345 -15.04 -14.821 
1200300.0 -15.275 -15.345 -15.029 -14.809 
1217900.0 -15.278 -15.346 -15.023 -14.808 
1235700.0 -15.28 -15.348 -15.018 -14.794 
1253700.0 -15.282 -15.348 -15.021 -14.796 
1272100.0 -15.286 -15.348 -15.018 -14.792 
1290700.0 -15.288 -15.348 -15.014 -14.788 
1309500.0 -15.29 -15.349 -15.007 -14.789 
1328700.0 -15.293 -15.349 -15.009 -14.788 
1348100.0 -15.295 -15.349 -15.004 -14.782 
1367800.0 -15.298 -15.347 -15.003 -14.782 
1387800.0 -15.301 -15.347 -14.997 -14.781 
1408000.0 -15.303 -15.345 -14.995 -14.784 
1428600.0 -15.307 -15.346 -14.995 -14.784 
1449500.0 -15.31 -15.346 -14.988 -14.786 
1470700.0 -15.312 -15.344 -14.986 -14.788 
1492200.0 -15.314 -15.343 -14.979 -14.799 
1514000.0 -15.318 -15.331 -14.978 -14.795 
1536100.0 -15.321 -15.335 -14.976 -14.792 
1558600.0 -15.323 -15.336 -14.973 -14.786 
1581300.0 -15.326 -15.34 -14.966 -14.777 
1604400.0 -15.329 -15.343 -14.931 -14.772 
1627900.0 -15.333 -15.344 -14.931 -14.767 
1651700.0 -15.336 -15.347 -14.933 -14.752 
1675800.0 -15.34 -15.349 -14.933 -14.746 
1700300.0 -15.343 -15.348 -14.935 -14.743 
1725200.0 -15.347 -15.351 -14.938 -14.73 
1750400.0 -15.351 -15.352 -14.937 -14.729 
1775900.0 -15.354 -15.352 -14.938 -14.73 
1801900.0 -15.358 -15.352 -14.936 -14.728 
1828200.0 -15.36 -15.356 -14.935 -14.708 
1855000.0 -15.365 -15.356 -14.937 -14.696 
1882100.0 -15.368 -15.359 -14.939 -14.689 
1909600.0 -15.373 -15.359 -14.94 -14.683 
1937500.0 -15.377 -15.362 -14.941 -14.683 
1965800.0 -15.38 -15.364 -14.946 -14.68 
1994500.0 -15.385 -15.368 -14.939 -14.662 
2023700.0 -15.389 -15.374 -14.94 -14.653 
2053200.0 -15.394 -15.373 -14.939 -14.644 
2083200.0 -15.397 -15.381 -14.928 -14.665 
2113700.0 -15.402 -15.382 -14.927 -14.678 
2144600.0 -15.408 -15.383 -14.932 -14.677 
2175900.0 -15.411 -15.384 -14.938 -14.681 
2207700.0 -15.417 -15.382 -14.942 -14.676 
2240000.0 -15.417 -15.379 -14.933 -14.67 
2272700.0 -15.418 -15.38 -14.927 -14.665 
2305900.0 -15.421 -15.386 -14.906 -14.672 
2339600.0 -15.423 -15.387 -14.903 -14.678 
2373800.0 -15.425 -15.384 -14.917 -14.697 
2408500.0 -15.426 -15.38 -14.916 -14.714 
2443700.0 -15.425 -15.377 -14.93 -14.726 
2479400.0 -15.421 -15.366 -14.937 -14.746 
2515700.0 -15.403 -15.353 -14.952 -14.766 
2552400.0 -15.384 -15.354 -14.956 -14.837 
2589700.0 -15.388 -15.355 -14.956 -14.826 
2627600.0 -15.393 -15.347 -14.968 -14.795 
2666000.0 -15.397 -15.347 -14.975 -14.767 
2704900.0 -15.401 -15.353 -14.982 -14.748 
2744500.0 -15.403 -15.352 -14.986 -14.724 
2784600.0 -15.403 -15.352 -14.997 -14.691 
2825300.0 -15.396 -15.354 -15.001 -14.664 
2866600.0 -15.384 -15.358 -15.011 -14.638 
2908500.0 -15.383 -15.33 -15.012 -14.611 
2951000.0 -15.375 -15.34 -15.037 -14.582 
2994100.0 -15.367 -15.345 -15.054 -14.559 
3037800.0 -15.375 -15.352 -15.046 -14.54 
3082200.0 -15.502 -15.347 -14.99 -14.522 
3127300.0 -15.449 -15.38 -14.927 -14.501 
3173000.0 -15.452 -15.334 -14.872 -14.472 
3219400.0 -15.472 -15.322 -14.827 -14.437 
3266400.0 -15.489 -15.299 -14.777 -14.408 
3314100.0 -15.494 -15.257 -14.737 -14.375 
3362600.0 -15.449 -15.185 -14.692 -14.35 
3411700.0 -15.389 -15.103 -14.643 -14.322 
3461600.0 -15.33 -15.03 -14.601 -14.3 
3512200.0 -15.258 -14.976 -14.555 -14.278 
3563500.0 -15.201 -14.927 -14.518 -14.255 
3615600.0 -15.137 -14.918 -14.523 -14.237 
3668400.0 -15.09 -14.915 -14.49 -14.204 
3722000.0 -15.066 -14.906 -14.432 -14.151 
3776400.0 -15.065 -14.924 -14.404 -14.115 
3831600.0 -15.098 -14.886 -14.385 -14.085 
3887600.0 -15.132 -14.862 -14.361 -14.066 
3944400.0 -15.207 -14.839 -14.341 -14.044 
4002100.0 -15.308 -14.81 -14.324 -14.026 
4060500.0 -15.39 -14.786 -14.286 -14.008 
4119900.0 -15.577 -14.769 -14.283 -13.994 
4180100.0 -15.603 -14.713 -14.28 -13.985 
4241200.0 -15.485 -14.698 -14.278 -13.975 
4303200.0 -15.357 -14.664 -14.274 -13.968 
4366000.0 -15.231 -14.64 -14.275 -13.966 
4429800.0 -15.116 -14.603 -14.26 -13.962 
4494600.0 -15.027 -14.571 -14.2 -13.956 
4560300.0 -14.949 -14.543 -14.211 -13.955 
4626900.0 -14.869 -14.513 -14.184 -13.956 
4694500.0 -14.794 -14.483 -14.181 -13.959 
4763100.0 -14.719 -14.47 -14.197 -13.961 
4832800.0 -14.645 -14.465 -14.227 -13.971 
4903400.0 -14.574 -14.45 -14.268 -13.985 
4975000.0 -14.506 -14.465 -14.319 -14.0 
5047700.0 -14.45 -14.479 -14.378 -14.011 
5121500.0 -14.389 -14.492 -14.443 -14.193 
5196400.0 -14.339 -14.505 -14.515 -14.245 
5272300.0 -14.291 -14.51 -14.595 -14.302 
5349400.0 -14.233 -14.534 -14.677 -14.369 
5427500.0 -14.185 -14.552 -14.759 -14.448 
5506800.0 -14.144 -14.598 -14.849 -14.538 
5587300.0 -14.084 -14.634 -14.941 -14.641 
5669000.0 -14.043 -14.678 -15.038 -14.755 
5751800.0 -13.965 -14.74 -15.11 -14.885 
5835900.0 -13.946 -14.815 -15.148 -15.027 
5921200.0 -13.905 -14.919 -15.175 -15.192 
6007700.0 -13.871 -15.021 -15.202 -15.38 
6095500.0 -13.842 -15.147 -15.224 -15.592 
6184600.0 -13.808 -15.291 -15.234 -15.831 
6275000.0 -13.77 -15.418 -15.245 -16.106 
6366700.0 -13.738 -15.53 -15.253 -16.447 
6459700.0 -13.709 -15.697 -15.264 -16.858 
6554100.0 -13.674 -15.833 -15.274 -16.833 
6649900.0 -13.639 -15.879 -15.286 -16.941 
6747100.0 -13.608 -15.853 -15.299 -17.042 
6845700.0 -13.576 -15.826 -15.31 -17.089 
6945700.0 -13.542 -15.797 -15.321 -16.99 
7047200.0 -13.511 -15.773 -15.326 -16.745 
7150200.0 -13.478 -15.743 -15.329 -16.702 
7254700.0 -13.446 -15.715 -15.339 -16.662 
7360700.0 -13.414 -15.685 -15.346 -16.62 
7468300.0 -13.38 -15.655 -15.381 -16.584 
7577500.0 -13.343 -15.628 -15.423 -16.553 
7688200.0 -13.301 -15.598 -15.473 -16.52 
7800500.0 -13.275 -15.566 -15.513 -16.488 
7914500.0 -13.25 -15.537 -15.564 -16.467 
8030200.0 -13.221 -15.503 -15.61 -16.431 
8147600.0 -13.193 -15.471 -15.647 -16.411 
8266600.0 -13.163 -15.438 -15.696 -16.382 
8387400.0 -13.14 -15.405 -15.747 -16.36 
8510000.0 -13.109 -15.378 -15.798 -16.339 
8634400.0 -13.078 -15.335 -15.845 -16.319 
8760600.0 -13.047 -15.302 -15.892 -16.301 
8888600.0 -13.015 -15.261 -15.916 -16.284 
9018500.0 -12.981 -15.228 -15.92 -16.268 
9150300.0 -12.953 -15.188 -15.911 -16.251 
9284000.0 -12.922 -15.152 -15.88 -16.241 
9419700.0 -12.895 -15.116 -15.848 -16.246 
9557400.0 -12.854 -15.058 -15.817 -16.247 
9697000.0 -12.815 -15.024 -15.786 -16.251 
9838800.0 -12.776 -14.988 -15.758 -16.257 
9982500.0 -12.744 -14.954 -15.727 -16.263 
10128000.0 -12.707 -14.91 -15.703 -16.251 
10276000.0 -12.687 -14.871 -15.671 -16.23 
10427000.0 -12.666 -14.837 -15.644 -16.213 
10579000.0 -12.651 -14.806 -15.618 -16.198 
10734000.0 -12.644 -14.775 -15.594 -16.181 
10890000.0 -12.638 -14.746 -15.569 -16.165 
11050000.0 -12.636 -14.718 -15.545 -16.146 
11211000.0 -12.636 -14.692 -15.522 -16.128 
11375000.0 -12.637 -14.666 -15.499 -16.109 
11541000.0 -12.641 -14.642 -15.477 -16.091 
11710000.0 -12.648 -14.619 -15.457 -16.072 
11881000.0 -12.658 -14.598 -15.438 -16.054 
12055000.0 -12.671 -14.577 -15.418 -16.034 
12231000.0 -12.685 -14.557 -15.401 -16.015 
12410000.0 -12.699 -14.539 -15.384 -15.996 
12591000.0 -12.715 -14.521 -15.366 -15.976 
12775000.0 -12.732 -14.505 -15.348 -15.956 
12962000.0 -12.752 -14.489 -15.322 -15.936 
13151000.0 -12.782 -14.474 -15.303 -15.913 
13343000.0 -12.814 -14.461 -15.286 -15.891 
13538000.0 -12.846 -14.447 -15.271 -15.863 
13736000.0 -12.879 -14.435 -15.258 -15.835 
13937000.0 -12.919 -14.423 -15.244 -15.793 
14140000.0 -12.958 -14.422 -15.231 -15.768 
14347000.0 -12.996 -14.421 -15.218 -15.728 
14557000.0 -13.03 -14.411 -15.205 -15.692 
14770000.0 -13.029 -14.404 -15.193 -15.662 
14985000.0 -13.026 -14.403 -15.319 -15.64 
15204000.0 -13.023 -14.404 -15.304 -15.618 
15427000.0 -13.017 -14.405 -15.29 -15.595 
15652000.0 -13.005 -14.406 -15.274 -15.573 
15881000.0 -12.996 -14.408 -15.259 -15.55 
16113000.0 -12.986 -14.411 -15.244 -15.53 
16348000.0 -12.979 -14.411 -15.114 -15.504 
16587000.0 -12.971 -14.414 -15.103 -15.48 
16830000.0 -12.963 -14.417 -15.094 -15.452 
17076000.0 -12.957 -14.421 -15.084 -15.426 
17325000.0 -12.95 -14.423 -15.075 -15.399 
17578000.0 -12.944 -14.427 -15.065 -15.372 
17835000.0 -12.941 -14.431 -15.056 -15.344 
18096000.0 -12.936 -14.435 -15.046 -15.316 
18360000.0 -12.932 -14.439 -15.035 -15.286 
18629000.0 -12.929 -14.443 -15.02 -15.257 
18901000.0 -12.927 -14.448 -14.999 -15.228 
19177000.0 -12.923 -14.453 -14.98 -15.207 
19457000.0 -12.923 -14.458 -14.958 -15.191 
19742000.0 -12.922 -14.463 -14.936 -15.177 
20030000.0 -12.922 -14.471 -14.916 -15.158 
20323000.0 -12.919 -14.474 -14.895 -15.141 
20620000.0 -12.911 -14.471 -14.874 -15.123 
20921000.0 -12.9 -14.469 -14.912 -15.103 
21227000.0 -12.889 -14.46 -14.834 -15.084 
21537000.0 -12.881 -14.449 -14.812 -15.069 
21852000.0 -12.874 -14.443 -14.855 -15.041 
22171000.0 -12.87 -14.434 -14.773 -14.968 
22495000.0 -12.863 -14.425 -14.754 -14.907 
22824000.0 -12.858 -14.418 -14.733 -14.845 
23158000.0 -12.853 -14.409 -14.713 -14.774 
23496000.0 -12.848 -14.402 -14.694 -14.689 
23839000.0 -12.844 -14.392 -14.674 -14.648 
24188000.0 -12.839 -14.382 -14.654 -14.615 
24541000.0 -12.837 -14.372 -14.635 -14.583 
24900000.0 -12.834 -14.361 -14.616 -14.552 
25264000.0 -12.831 -14.351 -14.596 -14.521 
25633000.0 -12.827 -14.34 -14.577 -14.491 
26008000.0 -12.825 -14.33 -14.557 -14.461 
26388000.0 -12.823 -14.323 -14.537 -14.432 
26773000.0 -12.822 -14.313 -14.518 -14.401 
27165000.0 -12.821 -14.303 -14.501 -14.371 
27562000.0 -12.821 -14.291 -14.48 -14.342 
27964000.0 -12.82 -14.281 -14.46 -14.312 
28373000.0 -12.82 -14.269 -14.441 -14.286 
28788000.0 -12.822 -14.259 -14.422 -14.257 
29209000.0 -12.821 -14.249 -14.403 -14.229 
29635000.0 -12.822 -14.238 -14.383 -14.201 
30068000.0 -12.824 -14.227 -14.36 -14.174 
30508000.0 -12.824 -14.216 -14.332 -14.147 
30954000.0 -12.827 -14.204 -14.306 -14.12 
31406000.0 -12.83 -14.193 -14.278 -14.094 
31865000.0 -12.832 -14.181 -14.246 -14.066 
32331000.0 -12.84 -14.169 -14.22 -14.04 
32803000.0 -12.838 -14.155 -14.195 -14.014 
33283000.0 -12.833 -14.135 -14.17 -13.988 
33769000.0 -12.825 -14.112 -14.144 -13.963 
34263000.0 -12.818 -14.096 -14.12 -13.936 
34763000.0 -12.808 -14.077 -14.096 -13.911 
35271000.0 -12.799 -14.054 -14.073 -13.885 
35787000.0 -12.79 -14.036 -14.049 -13.861 
36310000.0 -12.777 -14.022 -14.026 -13.835 
36840000.0 -12.768 -14.0 -14.002 -13.812 
37379000.0 -12.757 -13.985 -13.979 -13.787 
37925000.0 -12.747 -13.967 -13.957 -13.764 
38479000.0 -12.738 -13.944 -13.934 -13.739 
39042000.0 -12.728 -13.927 -13.91 -13.716 
39612000.0 -12.718 -13.908 -13.888 -13.691 
40191000.0 -12.709 -13.892 -13.865 -13.669 
40778000.0 -12.699 -13.874 -13.843 -13.647 
41374000.0 -12.692 -13.857 -13.821 -13.623 
41979000.0 -12.679 -13.838 -13.799 -13.6 
42593000.0 -12.673 -13.82 -13.777 -13.576 
43215000.0 -12.663 -13.803 -13.755 -13.553 
43847000.0 -12.653 -13.784 -13.732 -13.53 
44487000.0 -12.643 -13.766 -13.711 -13.507 
45137000.0 -12.633 -13.749 -13.69 -13.487 
45797000.0 -12.623 -13.731 -13.668 -13.464 
46466000.0 -12.614 -13.713 -13.646 -13.44 
47145000.0 -12.607 -13.696 -13.624 -13.419 
47834000.0 -12.594 -13.678 -13.603 -13.477 
48534000.0 -12.585 -13.661 -13.582 -13.514 
49243000.0 -12.576 -13.643 -13.56 -13.54 
49962000.0 -12.567 -13.627 -13.54 -13.57 
50693000.0 -12.563 -13.608 -13.519 -13.601 
51433000.0 -12.554 -13.592 -13.506 -13.66 
52185000.0 -12.546 -13.574 -13.505 -13.655 
52948000.0 -12.537 -13.562 -13.495 -13.653 
53722000.0 -12.53 -13.55 -13.481 -13.651 
54507000.0 -12.526 -13.538 -13.472 -13.647 
55303000.0 -12.517 -13.522 -13.473 -13.645 
56111000.0 -12.51 -13.508 -13.467 -13.643 
56931000.0 -12.505 -13.497 -13.455 -13.639 
57763000.0 -12.496 -13.48 -13.446 -13.636 
58608000.0 -12.489 -13.467 -13.436 -13.634 
59464000.0 -12.483 -13.452 -13.425 -13.632 
60333000.0 -12.476 -13.437 -13.416 -13.63 
61215000.0 -12.47 -13.423 -13.407 -13.629 
62109000.0 -12.462 -13.41 -13.398 -13.63 
63017000.0 -12.457 -13.396 -13.388 -13.629 
63938000.0 -12.45 -13.381 -13.377 -13.628 
64872000.0 -12.444 -13.368 -13.366 -13.628 
65821000.0 -12.434 -13.355 -13.358 -13.629 
66782000.0 -12.425 -13.341 -13.348 -13.619 
67758000.0 -12.418 -13.328 -13.339 -13.581 
68749000.0 -12.411 -13.316 -13.328 -13.557 
69753000.0 -12.405 -13.302 -13.317 -13.533 
70773000.0 -12.398 -13.29 -13.306 -13.506 
71807000.0 -12.392 -13.274 -13.29 -13.479 
72856000.0 -12.401 -13.258 -13.274 -13.442 
73921000.0 -12.411 -13.243 -13.257 -13.404 
75001000.0 -12.425 -13.228 -13.242 -13.395 
76098000.0 -12.438 -13.212 -13.226 -13.388 
77210000.0 -12.455 -13.198 -13.206 -13.378 
78338000.0 -12.477 -13.189 -13.185 -13.374 
79483000.0 -12.496 -13.181 -13.174 -13.371 
80644000.0 -12.525 -13.177 -13.164 -13.362 
81823000.0 -12.553 -13.172 -13.154 -13.36 
83019000.0 -12.584 -13.168 -13.146 -13.358 
84232000.0 -12.636 -13.165 -13.139 -13.355 
85463000.0 -12.655 -13.162 -13.131 -13.353 
86712000.0 -12.697 -13.162 -13.126 -13.354 
87979000.0 -12.743 -13.161 -13.122 -13.356 
89265000.0 -12.809 -13.163 -13.119 -13.355 
90569000.0 -12.842 -13.163 -13.116 -13.357 
91893000.0 -12.898 -13.165 -13.116 -13.36 
93236000.0 -12.957 -13.17 -13.118 -13.37 
94599000.0 -13.019 -13.172 -13.119 -13.37 
95981000.0 -13.086 -13.179 -13.123 -13.377 
97384000.0 -13.156 -13.186 -13.13 -13.383 
98807000.0 -13.227 -13.191 -13.138 -13.395 
100250000.0 -13.302 -13.202 -13.15 -13.403 
101720000.0 -13.377 -13.209 -13.162 -13.408 
103200000.0 -13.432 -13.219 -13.175 -13.424 
104710000.0 -13.443 -13.231 -13.192 -13.432 
106240000.0 -13.449 -13.246 -13.211 -13.444 
107790000.0 -13.458 -13.261 -13.232 -13.454 
109370000.0 -13.465 -13.276 -13.259 -13.471 
110970000.0 -13.474 -13.289 -13.286 -13.487 
112590000.0 -13.482 -13.304 -13.314 -13.503 
114230000.0 -13.488 -13.319 -13.347 -13.518 
115900000.0 -13.494 -13.338 -13.374 -13.534 
117600000.0 -13.501 -13.341 -13.411 -13.527 
119320000.0 -13.507 -13.329 -13.442 -13.519 
121060000.0 -13.513 -13.315 -13.479 -13.498 
122830000.0 -13.516 -13.301 -13.479 -13.499 
124620000.0 -13.52 -13.29 -13.468 -13.494 
126450000.0 -13.524 -13.277 -13.457 -13.479 
128290000.0 -13.506 -13.265 -13.446 -13.473 
130170000.0 -13.49 -13.247 -13.434 -13.455 
132070000.0 -13.476 -13.226 -13.428 -13.443 
134000000.0 -13.462 -13.222 -13.411 -13.427 
135960000.0 -13.447 -13.207 -13.393 -13.419 
137950000.0 -13.43 -13.193 -13.377 -13.402 
139960000.0 -13.415 -13.179 -13.362 -13.384 
142010000.0 -13.401 -13.165 -13.344 -13.379 
144080000.0 -13.384 -13.149 -13.336 -13.348 
146190000.0 -13.368 -13.133 -13.316 -13.331 
148320000.0 -13.354 -13.112 -13.284 -13.312 
150490000.0 -13.34 -13.101 -13.266 -13.287 
152690000.0 -13.324 -13.099 -13.246 -13.265 
154920000.0 -13.306 -13.08 -13.224 -13.252 
157190000.0 -13.293 -13.071 -13.201 -13.228 
159480000.0 -13.277 -13.06 -13.178 -13.213 
161810000.0 -13.263 -13.051 -13.167 -13.203 
164180000.0 -13.248 -13.026 -13.15 -13.185 
166580000.0 -13.23 -13.019 -13.131 -13.168 
169010000.0 -13.213 -13.017 -13.117 -13.155 
171480000.0 -13.194 -13.008 -13.104 -13.139 
173990000.0 -13.176 -12.991 -13.086 -13.119 
176530000.0 -13.162 -12.987 -13.07 -13.102 
179110000.0 -13.144 -12.968 -13.062 -13.087 
181730000.0 -13.128 -12.969 -13.04 -13.074 
184390000.0 -13.111 -12.957 -13.027 -13.059 
187080000.0 -13.092 -12.936 -13.009 -13.04 
189810000.0 -13.076 -12.934 -13.0 -13.027 
192590000.0 -13.06 -12.921 -12.988 -13.008 
195400000.0 -13.043 -12.91 -12.967 -12.989 
198260000.0 -13.025 -12.898 -12.956 -12.975 
201160000.0 -13.009 -12.882 -12.946 -12.957 
204100000.0 -12.992 -12.874 -12.926 -12.938 
207080000.0 -12.974 -12.86 -12.911 -12.919 
210100000.0 -12.958 -12.846 -12.902 -12.908 
213180000.0 -12.943 -12.826 -12.885 -12.893 
216290000.0 -12.926 -12.814 -12.868 -12.877 
219450000.0 -12.944 -12.812 -12.853 -12.867 
222660000.0 -12.962 -12.8 -12.834 -12.851 
225910000.0 -12.981 -12.783 -12.816 -12.831 
229210000.0 -13.002 -12.777 -12.805 -12.815 
232560000.0 -13.023 -12.765 -12.786 -12.8 
235960000.0 -13.047 -12.748 -12.77 -12.783 
239410000.0 -13.074 -12.743 -12.751 -12.769 
242910000.0 -13.099 -12.723 -12.744 -12.745 
246460000.0 -13.121 -12.722 -12.725 -12.742 
250060000.0 -13.147 -12.713 -12.703 -12.732 
253720000.0 -13.179 -12.701 -12.692 -12.705 
257420000.0 -13.209 -12.689 -12.681 -12.699 
261190000.0 -13.241 -12.676 -12.658 -12.683 
265000000.0 -13.272 -12.665 -12.645 -12.665 
268880000.0 -13.304 -12.654 -12.63 -12.654 
272800000.0 -13.34 -12.64 -12.618 -12.642 
276790000.0 -13.376 -12.637 -12.59 -12.633 
280840000.0 -13.414 -12.635 -12.578 -12.622 
284940000.0 -13.453 -12.634 -12.557 -12.609 
289110000.0 -13.495 -12.635 -12.55 -12.596 
293330000.0 -13.534 -12.633 -12.532 -12.58 
297620000.0 -13.577 -12.633 -12.52 -12.571 
301970000.0 -13.616 -12.633 -12.506 -12.56 
306380000.0 -13.635 -12.635 -12.49 -12.549 
310860000.0 -13.624 -12.637 -12.473 -12.54 
315400000.0 -13.618 -12.64 -12.462 -12.521 
320010000.0 -13.609 -12.643 -12.451 -12.512 
324690000.0 -13.604 -12.643 -12.442 -12.503 
329430000.0 -13.596 -12.647 -12.428 -12.495 
334250000.0 -13.589 -12.65 -12.422 -12.489 
339130000.0 -13.577 -12.649 -12.409 -12.48 
344090000.0 -13.571 -12.657 -12.398 -12.472 
349110000.0 -13.561 -12.66 -12.39 -12.459 
354220000.0 -13.551 -12.664 -12.382 -12.449 
359390000.0 -13.542 -12.67 -12.367 -12.442 
364650000.0 -13.534 -12.667 -12.36 -12.439 
369970000.0 -13.523 -12.677 -12.352 -12.429 
375380000.0 -13.515 -12.681 -12.345 -12.418 
380870000.0 -13.508 -12.68 -12.352 -12.411 
386430000.0 -13.496 -12.694 -12.34 -12.404 
392080000.0 -13.484 -12.697 -12.33 -12.398 
397810000.0 -13.471 -12.704 -12.328 -12.399 
403620000.0 -13.46 -12.703 -12.321 -12.389 
409520000.0 -13.454 -12.709 -12.314 -12.394 
415510000.0 -13.442 -12.734 -12.314 -12.382 
421580000.0 -13.432 -12.732 -12.314 -12.37 
427740000.0 -13.42 -12.737 -12.308 -12.38 
433990000.0 -13.405 -12.748 -12.307 -12.364 
440330000.0 -13.395 -12.756 -12.299 -12.359 
446770000.0 -13.385 -12.76 -12.311 -12.35 
453300000.0 -13.366 -12.757 -12.304 -12.353 
459920000.0 -13.356 -12.762 -12.305 -12.348 
466640000.0 -13.332 -12.771 -12.293 -12.342 
473460000.0 -13.301 -12.77 -12.295 -12.347 
480380000.0 -13.268 -12.775 -12.309 -12.351 
487400000.0 -13.238 -12.782 -12.303 -12.346 
494530000.0 -13.201 -12.789 -12.304 -12.354 
501750000.0 -13.174 -12.782 -12.306 -12.351 
509090000.0 -13.137 -12.786 -12.292 -12.331 
516530000.0 -13.1 -12.783 -12.282 -12.335 
524080000.0 -13.066 -12.784 -12.282 -12.325 
531730000.0 -13.017 -12.785 -12.271 -12.32 
539510000.0 -12.993 -12.789 -12.28 -12.312 
547390000.0 -12.946 -12.793 -12.261 -12.31 
555390000.0 -12.916 -12.788 -12.262 -12.313 
563510000.0 -12.88 -12.786 -12.246 -12.308 
571740000.0 -12.845 -12.788 -12.254 -12.294 
580100000.0 -12.806 -12.789 -12.244 -12.3 
588570000.0 -12.775 -12.787 -12.23 -12.289 
597180000.0 -12.745 -12.787 -12.236 -12.289 
605900000.0 -12.714 -12.783 -12.229 -12.28 
614760000.0 -12.677 -12.78 -12.218 -12.272 
623740000.0 -12.646 -12.781 -12.209 -12.273 
632860000.0 -12.613 -12.776 -12.2 -12.269 
642110000.0 -12.561 -12.777 -12.195 -12.262 
651490000.0 -12.532 -12.776 -12.186 -12.256 
661010000.0 -12.514 -12.769 -12.179 -12.246 
670670000.0 -12.494 -12.767 -12.173 -12.246 
680470000.0 -12.468 -12.766 -12.165 -12.239 
690420000.0 -12.453 -12.776 -12.164 -12.244 
700510000.0 -12.436 -12.779 -12.168 -12.236 
710740000.0 -12.414 -12.768 -12.157 -12.231 
721130000.0 -12.398 -12.756 -12.15 -12.229 
731670000.0 -12.372 -12.749 -12.151 -12.221 
742360000.0 -12.353 -12.74 -12.142 -12.216 
753210000.0 -12.337 -12.728 -12.127 -12.202 
764220000.0 -12.312 -12.715 -12.115 -12.22 
775390000.0 -12.298 -12.705 -12.119 -12.205 
786720000.0 -12.275 -12.693 -12.103 -12.199 
798220000.0 -12.251 -12.683 -12.094 -12.193 
809880000.0 -12.232 -12.666 -12.102 -12.187 
821720000.0 -12.212 -12.654 -12.109 -12.183 
833730000.0 -12.211 -12.641 -12.103 -12.169 
845910000.0 -12.201 -12.627 -12.104 -12.18 
858270000.0 -12.189 -12.611 -12.106 -12.177 
870820000.0 -12.177 -12.593 -12.095 -12.168 
883540000.0 -12.179 -12.578 -12.088 -12.165 
896450000.0 -12.17 -12.557 -12.081 -12.149 
909550000.0 -12.166 -12.538 -12.074 -12.138 
922850000.0 -12.166 -12.515 -12.07 -12.123 
936330000.0 -12.153 -12.491 -12.071 -12.128 
950020000.0 -12.159 -12.468 -12.055 -12.115 
963900000.0 -12.149 -12.435 -12.048 -12.103 
977990000.0 -12.139 -12.391 -12.037 -12.081 
992280000.0 -12.131 -12.365 -12.034 -12.079 
1006800000.0 -12.116 -12.34 -12.023 -12.066 
1021500000.0 -12.124 -12.314 -12.007 -12.06 
1036400000.0 -12.102 -12.292 -11.993 -12.038 
1051600000.0 -12.101 -12.267 -11.982 -12.03 
1066900000.0 -12.096 -12.247 -11.965 -12.012 
1082500000.0 -12.083 -12.229 -11.938 -12.001 
1098400000.0 -12.079 -12.216 -11.92 -11.986 
1114400000.0 -12.079 -12.209 -11.909 -11.969 
1130700000.0 -12.148 -12.205 -11.885 -11.944 
1147200000.0 -12.155 -12.202 -11.881 -11.926 
1164000000.0 -12.165 -12.208 -11.884 -11.912 
1181000000.0 -12.18 -12.215 -11.885 -11.911 
1198200000.0 -12.213 -12.221 -11.885 -11.91 
1215800000.0 -12.238 -12.24 -11.892 -11.921 
1233500000.0 -12.275 -12.259 -11.904 -11.926 
1251600000.0 -12.3 -12.308 -11.912 -11.928 
1269800000.0 -12.337 -12.352 -11.934 -11.948 
1288400000.0 -12.331 -12.393 -11.952 -11.945 
1307200000.0 -12.356 -12.424 -11.969 -11.956 
1326300000.0 -12.377 -12.445 -11.996 -11.981 
1345700000.0 -12.384 -12.47 -12.018 -12.006 
1365400000.0 -12.391 -12.483 -12.052 -12.019 
1385300000.0 -12.404 -12.504 -12.062 -12.05 
1405600000.0 -12.396 -12.569 -12.076 -12.047 
1426100000.0 -12.403 -12.786 -12.094 -12.064 
1447000000.0 -12.346 -13.136 -12.111 -12.08 
1468100000.0 -12.238 -12.591 -12.176 -12.087 
1489600000.0 -12.208 -12.514 -12.366 -12.095 
1511300000.0 -12.191 -12.448 -12.475 -12.234 
1533400000.0 -12.174 -12.381 -12.722 -12.268 
1555800000.0 -12.138 -12.353 -12.123 -12.314 
1578600000.0 -12.122 -12.319 -12.049 -12.366 
1601600000.0 -12.106 -12.297 -12.002 -12.454 
1625000000.0 -12.1 -12.272 -11.972 -12.133 
1648800000.0 -12.061 -12.253 -11.951 -12.099 
1672900000.0 -12.032 -12.347 -11.921 -12.068 
1697300000.0 -12.008 -12.313 -11.9 -12.028 
1722100000.0 -11.972 -12.279 -11.891 -11.999 
1747300000.0 -12.001 -12.258 -11.883 -11.982 
1772800000.0 -11.974 -12.234 -11.917 -11.96 
1798800000.0 -11.984 -12.208 -11.914 -11.936 
1825000000.0 -11.965 -12.191 -11.901 -11.957 
1851700000.0 -11.954 -12.162 -11.892 -11.953 
1878800000.0 -11.935 -12.143 -11.897 -11.935 
1906200000.0 -11.935 -12.123 -11.888 -11.924 
1934100000.0 -11.96 -12.108 -11.879 -11.928 
1962400000.0 -11.932 -12.089 -11.873 -11.909 
1991000000.0 -11.931 -12.079 -11.868 -11.906 
2020100000.0 -11.909 -12.072 -11.865 -11.881 
2049700000.0 -11.907 -12.068 -11.85 -11.878 
2079600000.0 -11.913 -12.053 -11.84 -11.868 
2110000000.0 -11.886 -12.047 -11.84 -11.864 
2140800000.0 -11.859 -12.044 -11.831 -11.866 
2172100000.0 -11.874 -12.031 -11.828 -11.846 
2203900000.0 -11.841 -12.019 -11.822 -11.846 
2236100000.0 -11.841 -12.003 -11.821 -11.848 
2268800000.0 -11.816 -12.005 -11.818 -11.832 
2301900000.0 -11.811 -11.995 -11.8 -11.831 
2335500000.0 -11.792 -11.985 -11.797 -11.817 
2369700000.0 -11.788 -11.985 -11.783 -11.817 
2404300000.0 -11.777 -11.974 -11.777 -11.81 
2439400000.0 -11.753 -11.948 -11.784 -11.804 
2475100000.0 -11.742 -11.935 -11.769 -11.795 
2511300000.0 -11.744 -11.916 -11.762 -11.784 
2548000000.0 -11.719 -11.909 -11.755 -11.275 
2585200000.0 -11.697 -11.896 -11.735 -11.763 
2623000000.0 -11.676 -11.875 -11.738 -11.752 
2661300000.0 -11.667 -11.874 -11.725 -11.749 
2700200000.0 -11.656 -11.865 -11.702 -11.737 
2739700000.0 -11.651 -11.86 -11.694 -11.717 
2779700000.0 -11.636 -11.851 -11.687 -11.721 
2820300000.0 -11.631 -11.833 -11.681 -11.711 
2861600000.0 -11.602 -11.829 -11.685 -11.699 
2903400000.0 -11.588 -11.807 -11.655 -11.679 
2945800000.0 -11.584 -11.78 -11.654 -11.675 
2988900000.0 -11.592 -11.781 -11.648 -11.671 
3032500000.0 -11.568 -11.778 -11.64 -11.661 
3076900000.0 -11.564 -11.771 -11.638 -11.653 
3121800000.0 -11.547 -11.767 -11.627 -11.629 
3167400000.0 -11.539 -11.756 -11.622 -11.635 
3213700000.0 -11.543 -11.749 -11.617 -11.613 
3260700000.0 -11.539 -11.73 -11.605 -11.631 
3308300000.0 -11.513 -11.73 -11.613 -11.616 
3356700000.0 -11.527 -11.719 -11.606 -11.621 
3405800000.0 -11.526 -11.724 -11.597 -11.613 
3455500000.0 -11.529 -11.71 -11.589 -11.599 
3506000000.0 -11.523 -11.694 -11.6 -11.599 
3557300000.0 -11.488 -11.695 -11.583 -11.592 
3609200000.0 -11.491 -11.706 -11.586 -11.616 
3662000000.0 -11.477 -11.706 -11.553 -11.616 
3715500000.0 -11.472 -11.694 -11.546 -11.586 
3769800000.0 -11.469 -11.71 -11.555 -11.577 
3824900000.0 -11.454 -11.709 -11.523 -11.586 
3880800000.0 -11.424 -11.706 -11.529 -11.577 
3937500000.0 -11.414 -11.693 -11.513 -11.587 
3995100000.0 -11.414 -11.681 -11.519 -11.566 
4053400000.0 -11.388 -11.662 -11.495 -11.551 
4112700000.0 -11.368 -11.655 -11.473 -11.559 
4172800000.0 -11.359 -11.662 -11.468 -11.543 
4233800000.0 -11.359 -11.643 -11.462 -11.533 
4295600000.0 -11.316 -11.652 -11.456 -11.521 
4358400000.0 -11.299 -11.649 -11.432 -11.518 
4422100000.0 -11.284 -11.622 -11.437 -11.518 
4486700000.0 -11.265 -11.633 -11.412 -11.484 
4552300000.0 -11.227 -11.624 -11.423 -11.482 
4618800000.0 -11.211 -11.616 -11.413 -11.469 
4686300000.0 -11.235 -11.587 -11.411 -11.455 
4754800000.0 -11.189 -11.559 -11.411 -11.411 
4824300000.0 -11.19 -11.533 -11.407 -11.438 
4894800000.0 -11.159 -11.523 -11.373 -11.407 
4966300000.0 -11.151 -11.523 -11.377 -11.373 
5038900000.0 -11.152 -11.52 -11.368 -11.366 
5112600000.0 -11.132 -11.484 -11.366 -11.377 
5187300000.0 -11.122 -11.466 -11.347 -11.365 
5263100000.0 -11.12 -11.466 -11.343 -11.341 
5340000000.0 -11.081 -11.446 -11.333 -11.316 
5418000000.0 -11.074 -11.426 -11.308 -11.326 
5497200000.0 -11.059 -11.417 -11.295 -11.293 
5577600000.0 -11.056 -11.428 -11.31 -11.284 
5659100000.0 -11.072 -11.386 -11.278 -11.274 
5741800000.0 -11.057 -11.371 -11.293 -11.258 
5825700000.0 -11.021 -11.34 -11.279 -11.241 
5910800000.0 -11.047 -11.347 -11.241 -11.265 
5997200000.0 -11.036 -11.336 -11.242 -11.223 
6084900000.0 -11.016 -11.298 -11.177 -11.237 
6173800000.0 -10.996 -11.308 -11.171 -11.186 
6264000000.0 -11.002 -11.32 -11.165 -11.209 
6355500000.0 -11.003 -11.312 -11.152 -11.165 
6448400000.0 -10.978 -11.268 -11.115 -11.179 
6542700000.0 -10.998 -11.252 -11.117 -11.161 
6638300000.0 -11.002 -11.243 -11.117 -11.18 
6735300000.0 -10.956 -11.225 -11.071 -11.154 
6833700000.0 -10.952 -11.215 -11.017 -11.158 
6933600000.0 -10.947 -11.202 -11.008 -11.126 
7034900000.0 -10.932 -11.192 -11.0 -11.127 
7137700000.0 -10.931 -11.196 -10.98 -11.105 
7242000000.0 -10.92 -11.165 -11.009 -11.124 
7347900000.0 -10.902 -11.146 -10.987 -11.072 
7455300000.0 -10.903 -11.144 -10.985 -11.093 
7564200000.0 -10.891 -11.094 -10.963 -11.019 
7674800000.0 -10.881 -11.087 -10.952 -11.037 
7786900000.0 -10.871 -11.078 -10.958 -11.016 
7900700000.0 -10.915 -11.091 -10.975 -10.995 
8016200000.0 -10.855 -11.08 -10.935 -10.973 
8133300000.0 -10.86 -11.07 -10.929 -11.03 
8252200000.0 -10.893 -11.058 -10.902 -10.98 
8372800000.0 -10.833 -11.012 -10.94 -10.969 
8495200000.0 -10.824 -10.993 -10.942 -10.96 
8619300000.0 -10.817 -10.974 -10.966 -10.985 
8745300000.0 -10.863 -11.036 -10.945 -10.994 
8873100000.0 -10.802 -10.987 -10.938 -10.948 
9002800000.0 -10.791 -10.999 -10.908 -10.927 
9134300000.0 -10.833 -10.971 -10.957 -10.917 
9267800000.0 -10.777 -10.96 -10.947 -10.922 
9403300000.0 -10.787 -10.992 -10.942 -10.906 
9540700000.0 -10.698 -10.927 -10.82 -10.889 
9680100000.0 -10.688 -10.981 -10.838 -10.887 
9821600000.0 -10.715 -10.918 -10.931 -10.88 
9965100000.0 -10.723 -10.953 -10.864 -10.796 
10111000000.0 -10.673 -10.883 -10.907 -10.787 
10258000000.0 -10.671 -10.958 -10.876 -10.864 
10408000000.0 -10.63 -10.888 -10.845 -10.768 
10561000000.0 -10.608 -10.981 -10.86 -10.842 
10715000000.0 -10.611 -10.951 -10.775 -10.831 
10871000000.0 -10.588 -10.932 -10.845 -10.83 
11030000000.0 -10.59 -10.904 -10.761 -10.81 
11192000000.0 -10.562 -10.909 -10.817 -10.733 
11355000000.0 -10.534 -10.907 -10.805 -10.796 
11521000000.0 -10.524 -10.912 -10.796 -10.817 
11689000000.0 -10.473 -10.905 -10.782 -10.8 
11860000000.0 -10.501 -10.878 -10.812 -10.779 
12034000000.0 -10.434 -10.785 -10.763 -10.804 
12209000000.0 -10.471 -10.864 -10.668 -10.771 
12388000000.0 -10.459 -10.914 -10.64 -10.679 
12569000000.0 -10.466 -10.87 -10.729 -10.767 
12753000000.0 -10.456 -10.867 -10.735 -10.75 
12939000000.0 -10.354 -10.726 -10.718 -10.707 
13128000000.0 -10.405 -10.724 -10.718 -10.756 
13320000000.0 -10.414 -10.831 -10.784 -10.719 
13515000000.0 -10.403 -10.847 -10.712 -10.715 
13712000000.0 -10.372 -10.778 -10.723 -10.751 
13912000000.0 -10.372 -10.796 -10.702 -10.56 
14116000000.0 -10.362 -10.751 -10.708 -10.736 
14322000000.0 -10.35 -10.815 -10.703 -10.681 
14531000000.0 -10.337 -10.763 -10.664 -10.656 
14744000000.0 -10.324 -10.726 -10.669 -10.51 
14959000000.0 -10.223 -10.591 -10.679 -10.632 
15178000000.0 -10.319 -10.717 -10.691 -10.647 
15400000000.0 -10.3 -10.697 -10.656 -10.614 
15625000000.0 -10.213 -10.672 -10.651 -10.612 
15853000000.0 -10.272 -10.675 -10.613 -10.627 
16085000000.0 -10.291 -10.635 -10.667 -10.562 
16320000000.0 -10.262 -10.623 -10.646 -10.569 
16558000000.0 -10.27 -10.618 -10.546 -10.573 
16800000000.0 -10.264 -10.59 -10.603 -10.629 
17046000000.0 -10.254 -10.419 -10.626 -10.535 
17295000000.0 -10.255 -10.561 -10.62 -10.525 
17548000000.0 -10.235 -10.556 -10.4 -10.565 
17804000000.0 -10.225 -10.558 -10.607 -10.525 
18064000000.0 -10.23 -10.527 -10.631 -10.532 
18328000000.0 -10.091 -10.515 -10.625 -10.554 
18596000000.0 -10.225 -10.504 -10.58 -10.523 
18868000000.0 -10.19 -10.543 -10.561 -10.528 
19144000000.0 -10.188 -10.473 -10.525 -10.475 
19423000000.0 -10.173 -10.502 -10.556 -10.578 
19707000000.0 -10.186 -10.496 -10.505 -10.555 
19995000000.0 -10.184 -10.453 -10.496 -10.473 
