#METAL 0.0004 0.008 0.02 0.05 
10000.0 -13.874 -14.152 -14.069 -14.258 
10146.0 -13.874 -14.152 -14.069 -14.258 
10294.0 -13.874 -14.152 -14.069 -14.258 
10445.0 -13.874 -14.152 -14.069 -14.258 
10598.0 -13.874 -14.152 -14.069 -14.258 
10752.0 -13.874 -14.152 -14.069 -14.258 
10910.0 -13.874 -14.152 -14.069 -14.258 
11069.0 -13.874 -14.152 -14.069 -14.258 
11231.0 -13.874 -14.152 -14.069 -14.258 
11395.0 -13.874 -14.152 -14.069 -14.258 
11561.0 -13.874 -14.152 -14.069 -14.258 
11730.0 -13.874 -14.152 -14.069 -14.258 
11902.0 -13.874 -14.152 -14.069 -14.258 
12076.0 -13.874 -14.152 -14.069 -14.258 
12252.0 -13.874 -14.152 -14.069 -14.258 
12431.0 -13.874 -14.152 -14.069 -14.258 
12613.0 -13.874 -14.152 -14.069 -14.258 
12797.0 -13.874 -14.152 -14.069 -14.258 
12984.0 -13.874 -14.152 -14.069 -14.258 
13174.0 -13.874 -14.152 -14.069 -14.258 
13367.0 -13.874 -14.152 -14.069 -14.258 
13562.0 -13.874 -14.152 -14.069 -14.258 
13760.0 -13.874 -14.152 -14.069 -14.258 
13961.0 -13.874 -14.152 -14.069 -14.258 
14165.0 -13.874 -14.152 -14.069 -14.258 
14372.0 -13.874 -14.152 -14.069 -14.258 
14582.0 -13.874 -14.152 -14.069 -14.258 
14795.0 -13.874 -14.152 -14.069 -14.258 
15012.0 -13.874 -14.152 -14.069 -14.258 
15231.0 -13.874 -14.152 -14.069 -14.258 
15454.0 -13.874 -14.152 -14.069 -14.258 
15679.0 -13.874 -14.152 -14.069 -14.258 
15909.0 -13.874 -14.152 -14.069 -14.258 
16141.0 -13.874 -14.152 -14.069 -14.258 
16377.0 -13.874 -14.152 -14.069 -14.258 
16616.0 -13.874 -14.152 -14.069 -14.259 
16859.0 -13.874 -14.152 -14.069 -14.259 
17105.0 -13.874 -14.152 -14.069 -14.259 
17355.0 -13.874 -14.153 -14.069 -14.259 
17609.0 -13.874 -14.153 -14.069 -14.259 
17866.0 -13.874 -14.153 -14.069 -14.259 
18128.0 -13.874 -14.153 -14.069 -14.259 
18392.0 -13.874 -14.153 -14.069 -14.259 
18661.0 -13.874 -14.153 -14.069 -14.259 
18934.0 -13.874 -14.153 -14.069 -14.259 
19211.0 -13.874 -14.153 -14.069 -14.259 
19491.0 -13.874 -14.153 -14.069 -14.259 
19776.0 -13.874 -14.153 -14.069 -14.259 
20065.0 -13.875 -14.153 -14.069 -14.259 
20358.0 -13.875 -14.153 -14.069 -14.259 
20656.0 -13.875 -14.153 -14.069 -14.259 
20958.0 -13.875 -14.153 -14.069 -14.259 
21264.0 -13.875 -14.153 -14.069 -14.259 
21575.0 -13.875 -14.153 -14.069 -14.259 
21890.0 -13.875 -14.153 -14.069 -14.259 
22210.0 -13.875 -14.153 -14.07 -14.259 
22535.0 -13.875 -14.153 -14.07 -14.26 
22864.0 -13.875 -14.153 -14.07 -14.26 
23198.0 -13.875 -14.153 -14.07 -14.26 
23537.0 -13.875 -14.153 -14.07 -14.26 
23881.0 -13.875 -14.153 -14.07 -14.26 
24230.0 -13.875 -14.153 -14.07 -14.26 
24584.0 -13.875 -14.153 -14.07 -14.26 
24944.0 -13.875 -14.153 -14.07 -14.26 
25308.0 -13.875 -14.153 -14.07 -14.26 
25678.0 -13.875 -14.153 -14.07 -14.26 
26053.0 -13.875 -14.153 -14.07 -14.26 
26434.0 -13.875 -14.153 -14.07 -14.26 
26820.0 -13.875 -14.153 -14.07 -14.26 
27212.0 -13.875 -14.153 -14.07 -14.26 
27610.0 -13.875 -14.153 -14.07 -14.26 
28013.0 -13.875 -14.153 -14.07 -14.26 
28423.0 -13.875 -14.153 -14.07 -14.26 
28838.0 -13.875 -14.154 -14.07 -14.26 
29260.0 -13.876 -14.154 -14.07 -14.26 
29687.0 -13.876 -14.154 -14.07 -14.26 
30121.0 -13.876 -14.154 -14.07 -14.26 
30561.0 -13.876 -14.154 -14.07 -14.26 
31008.0 -13.876 -14.154 -14.07 -14.26 
31461.0 -13.876 -14.154 -14.07 -14.261 
31921.0 -13.876 -14.154 -14.07 -14.261 
32387.0 -13.876 -14.154 -14.07 -14.261 
32861.0 -13.876 -14.154 -14.07 -14.261 
33341.0 -13.876 -14.154 -14.07 -14.261 
33828.0 -13.876 -14.154 -14.07 -14.261 
34322.0 -13.876 -14.154 -14.07 -14.261 
34824.0 -13.876 -14.154 -14.07 -14.261 
35333.0 -13.876 -14.154 -14.07 -14.261 
35849.0 -13.876 -14.154 -14.07 -14.261 
36373.0 -13.876 -14.154 -14.07 -14.262 
36905.0 -13.876 -14.154 -14.07 -14.262 
37444.0 -13.876 -14.154 -14.07 -14.262 
37991.0 -13.876 -14.154 -14.07 -14.262 
38547.0 -13.877 -14.154 -14.07 -14.262 
39110.0 -13.877 -14.154 -14.07 -14.262 
39681.0 -13.877 -14.155 -14.07 -14.262 
40261.0 -13.877 -14.155 -14.07 -14.262 
40850.0 -13.877 -14.155 -14.07 -14.262 
41447.0 -13.877 -14.155 -14.07 -14.263 
42052.0 -13.877 -14.155 -14.071 -14.263 
42667.0 -13.877 -14.155 -14.071 -14.262 
43291.0 -13.877 -14.155 -14.071 -14.263 
43923.0 -13.877 -14.155 -14.071 -14.263 
44565.0 -13.877 -14.155 -14.071 -14.263 
45216.0 -13.877 -14.155 -14.071 -14.263 
45877.0 -13.877 -14.155 -14.071 -14.263 
46548.0 -13.877 -14.155 -14.071 -14.263 
47228.0 -13.877 -14.155 -14.071 -14.263 
47918.0 -13.878 -14.155 -14.071 -14.263 
48618.0 -13.878 -14.155 -14.071 -14.263 
49329.0 -13.878 -14.155 -14.071 -14.263 
50050.0 -13.878 -14.155 -14.071 -14.263 
50781.0 -13.878 -14.155 -14.071 -14.263 
51523.0 -13.878 -14.155 -14.071 -14.263 
52276.0 -13.878 -14.156 -14.071 -14.263 
53040.0 -13.878 -14.156 -14.071 -14.263 
53816.0 -13.878 -14.156 -14.071 -14.263 
54602.0 -13.878 -14.156 -14.071 -14.263 
55400.0 -13.878 -14.156 -14.071 -14.263 
56210.0 -13.878 -14.156 -14.071 -14.263 
57031.0 -13.878 -14.156 -14.071 -14.263 
57864.0 -13.879 -14.156 -14.071 -14.264 
58710.0 -13.879 -14.156 -14.071 -14.264 
59568.0 -13.879 -14.156 -14.071 -14.264 
60439.0 -13.879 -14.156 -14.071 -14.264 
61322.0 -13.879 -14.156 -14.072 -14.264 
62218.0 -13.879 -14.156 -14.072 -14.264 
63127.0 -13.879 -14.156 -14.072 -14.264 
64050.0 -13.879 -14.157 -14.072 -14.264 
64986.0 -13.879 -14.157 -14.072 -14.264 
65936.0 -13.879 -14.157 -14.072 -14.264 
66899.0 -13.88 -14.157 -14.072 -14.264 
67877.0 -13.88 -14.157 -14.072 -14.264 
68869.0 -13.88 -14.157 -14.072 -14.264 
69875.0 -13.88 -14.157 -14.072 -14.264 
70897.0 -13.88 -14.157 -14.072 -14.264 
71933.0 -13.88 -14.157 -14.072 -14.264 
72984.0 -13.88 -14.157 -14.072 -14.264 
74050.0 -13.88 -14.157 -14.072 -14.264 
75133.0 -13.88 -14.158 -14.073 -14.263 
76231.0 -13.881 -14.158 -14.073 -14.263 
77345.0 -13.881 -14.158 -14.073 -14.264 
78475.0 -13.881 -14.158 -14.073 -14.263 
79622.0 -13.881 -14.158 -14.073 -14.264 
80785.0 -13.881 -14.158 -14.073 -14.263 
81966.0 -13.881 -14.158 -14.073 -14.263 
83164.0 -13.881 -14.158 -14.073 -14.263 
84379.0 -13.881 -14.158 -14.073 -14.263 
85612.0 -13.882 -14.158 -14.073 -14.264 
86864.0 -13.882 -14.158 -14.073 -14.264 
88133.0 -13.882 -14.158 -14.074 -14.264 
89421.0 -13.882 -14.159 -14.074 -14.264 
90728.0 -13.882 -14.159 -14.074 -14.264 
92054.0 -13.882 -14.159 -14.074 -14.264 
93399.0 -13.882 -14.159 -14.074 -14.264 
94764.0 -13.882 -14.159 -14.074 -14.265 
96149.0 -13.883 -14.159 -14.074 -14.265 
97554.0 -13.883 -14.159 -14.074 -14.265 
98980.0 -13.883 -14.159 -14.074 -14.265 
100430.0 -13.883 -14.16 -14.074 -14.266 
101890.0 -13.883 -14.16 -14.075 -14.266 
103380.0 -13.883 -14.16 -14.075 -14.266 
104890.0 -13.884 -14.16 -14.075 -14.266 
106430.0 -13.884 -14.16 -14.075 -14.266 
107980.0 -13.884 -14.161 -14.075 -14.267 
109560.0 -13.884 -14.161 -14.075 -14.267 
111160.0 -13.884 -14.161 -14.075 -14.267 
112790.0 -13.884 -14.161 -14.076 -14.267 
114430.0 -13.885 -14.161 -14.076 -14.267 
116110.0 -13.885 -14.161 -14.076 -14.267 
117800.0 -13.885 -14.162 -14.076 -14.268 
119520.0 -13.885 -14.162 -14.076 -14.268 
121270.0 -13.885 -14.162 -14.076 -14.268 
123040.0 -13.886 -14.162 -14.076 -14.268 
124840.0 -13.886 -14.162 -14.077 -14.268 
126670.0 -13.886 -14.162 -14.077 -14.268 
128520.0 -13.886 -14.162 -14.077 -14.268 
130400.0 -13.886 -14.163 -14.077 -14.268 
132300.0 -13.887 -14.163 -14.077 -14.268 
134240.0 -13.887 -14.163 -14.077 -14.269 
136200.0 -13.887 -14.163 -14.077 -14.27 
138190.0 -13.887 -14.163 -14.077 -14.27 
140210.0 -13.887 -14.163 -14.077 -14.271 
142260.0 -13.887 -14.164 -14.078 -14.271 
144330.0 -13.888 -14.164 -14.078 -14.271 
146440.0 -13.888 -14.164 -14.078 -14.272 
148580.0 -13.888 -14.164 -14.078 -14.272 
150760.0 -13.888 -14.164 -14.078 -14.273 
152960.0 -13.889 -14.164 -14.079 -14.273 
155190.0 -13.889 -14.165 -14.079 -14.273 
157460.0 -13.889 -14.165 -14.079 -14.273 
159760.0 -13.889 -14.165 -14.079 -14.273 
162100.0 -13.89 -14.165 -14.079 -14.274 
164470.0 -13.89 -14.165 -14.079 -14.274 
166870.0 -13.89 -14.166 -14.08 -14.274 
169310.0 -13.89 -14.166 -14.08 -14.274 
171780.0 -13.891 -14.166 -14.08 -14.274 
174290.0 -13.891 -14.166 -14.08 -14.274 
176840.0 -13.891 -14.167 -14.08 -14.275 
179430.0 -13.891 -14.167 -14.081 -14.275 
182050.0 -13.892 -14.167 -14.081 -14.275 
184710.0 -13.892 -14.167 -14.081 -14.275 
187410.0 -13.892 -14.168 -14.081 -14.276 
190150.0 -13.893 -14.168 -14.081 -14.276 
192930.0 -13.893 -14.168 -14.082 -14.276 
195740.0 -13.893 -14.168 -14.082 -14.276 
198610.0 -13.894 -14.169 -14.082 -14.276 
201510.0 -13.894 -14.169 -14.082 -14.276 
204450.0 -13.894 -14.169 -14.083 -14.276 
207440.0 -13.894 -14.17 -14.083 -14.277 
210470.0 -13.895 -14.17 -14.083 -14.277 
213550.0 -13.895 -14.17 -14.083 -14.276 
216670.0 -13.895 -14.17 -14.084 -14.276 
219840.0 -13.896 -14.171 -14.084 -14.275 
223050.0 -13.896 -14.171 -14.084 -14.275 
226310.0 -13.896 -14.171 -14.084 -14.275 
229610.0 -13.897 -14.172 -14.085 -14.274 
232970.0 -13.897 -14.172 -14.085 -14.274 
236380.0 -13.898 -14.172 -14.085 -14.274 
239830.0 -13.898 -14.173 -14.085 -14.274 
243330.0 -13.898 -14.173 -14.086 -14.274 
246890.0 -13.899 -14.173 -14.086 -14.274 
250500.0 -13.899 -14.174 -14.086 -14.273 
254160.0 -13.899 -14.174 -14.087 -14.273 
257870.0 -13.9 -14.174 -14.087 -14.274 
261640.0 -13.9 -14.175 -14.087 -14.273 
265470.0 -13.901 -14.175 -14.088 -14.274 
269350.0 -13.901 -14.175 -14.088 -14.274 
273280.0 -13.902 -14.176 -14.088 -14.274 
277280.0 -13.902 -14.176 -14.089 -14.274 
281330.0 -13.902 -14.177 -14.089 -14.274 
285440.0 -13.903 -14.177 -14.089 -14.273 
289610.0 -13.903 -14.177 -14.09 -14.274 
293840.0 -13.904 -14.178 -14.09 -14.274 
298140.0 -13.904 -14.178 -14.09 -14.274 
302490.0 -13.905 -14.179 -14.091 -14.274 
306920.0 -13.905 -14.179 -14.091 -14.277 
311400.0 -13.906 -14.18 -14.091 -14.278 
315950.0 -13.906 -14.18 -14.092 -14.279 
320570.0 -13.907 -14.18 -14.092 -14.28 
325250.0 -13.907 -14.181 -14.092 -14.28 
330010.0 -13.908 -14.181 -14.093 -14.282 
334830.0 -13.908 -14.182 -14.094 -14.284 
339720.0 -13.909 -14.182 -14.094 -14.285 
344690.0 -13.909 -14.183 -14.094 -14.286 
349730.0 -13.91 -14.183 -14.095 -14.287 
354840.0 -13.91 -14.184 -14.095 -14.288 
360020.0 -13.911 -14.184 -14.095 -14.29 
365280.0 -13.911 -14.185 -14.096 -14.29 
370620.0 -13.912 -14.185 -14.096 -14.291 
376040.0 -13.913 -14.186 -14.097 -14.291 
381530.0 -13.913 -14.186 -14.097 -14.292 
387110.0 -13.914 -14.187 -14.098 -14.293 
392770.0 -13.914 -14.187 -14.098 -14.293 
398510.0 -13.915 -14.188 -14.1 -14.294 
404330.0 -13.916 -14.188 -14.101 -14.295 
410240.0 -13.916 -14.189 -14.103 -14.295 
416230.0 -13.917 -14.189 -14.104 -14.296 
422320.0 -13.918 -14.19 -14.105 -14.297 
428490.0 -13.918 -14.191 -14.106 -14.297 
434750.0 -13.919 -14.191 -14.107 -14.298 
441100.0 -13.92 -14.192 -14.108 -14.298 
447550.0 -13.92 -14.192 -14.109 -14.299 
454090.0 -13.921 -14.193 -14.109 -14.3 
460730.0 -13.922 -14.194 -14.11 -14.3 
467460.0 -13.923 -14.194 -14.111 -14.301 
474290.0 -13.923 -14.195 -14.112 -14.301 
481220.0 -13.925 -14.196 -14.113 -14.302 
488260.0 -13.925 -14.196 -14.113 -14.302 
495390.0 -13.926 -14.197 -14.114 -14.303 
502630.0 -13.927 -14.198 -14.115 -14.301 
509980.0 -13.928 -14.199 -14.116 -14.299 
517430.0 -13.929 -14.199 -14.117 -14.297 
524990.0 -13.929 -14.2 -14.118 -14.298 
532660.0 -13.93 -14.201 -14.119 -14.3 
540450.0 -13.931 -14.202 -14.119 -14.301 
548350.0 -13.932 -14.202 -14.12 -14.302 
556360.0 -13.933 -14.203 -14.121 -14.303 
564490.0 -13.934 -14.204 -14.122 -14.304 
572740.0 -13.935 -14.205 -14.123 -14.304 
581110.0 -13.936 -14.205 -14.124 -14.305 
589600.0 -13.937 -14.206 -14.124 -14.306 
598220.0 -13.938 -14.207 -14.126 -14.307 
606960.0 -13.939 -14.208 -14.127 -14.307 
615830.0 -13.94 -14.209 -14.128 -14.308 
624830.0 -13.941 -14.21 -14.13 -14.308 
633960.0 -13.942 -14.211 -14.131 -14.309 
643230.0 -13.943 -14.212 -14.132 -14.31 
652630.0 -13.944 -14.212 -14.133 -14.31 
662170.0 -13.945 -14.213 -14.135 -14.311 
671840.0 -13.946 -14.214 -14.136 -14.312 
681660.0 -13.947 -14.215 -14.137 -14.313 
691620.0 -13.948 -14.216 -14.138 -14.313 
701730.0 -13.949 -14.217 -14.139 -14.314 
711990.0 -13.951 -14.218 -14.14 -14.314 
722390.0 -13.952 -14.219 -14.142 -14.315 
732950.0 -13.953 -14.22 -14.143 -14.316 
743660.0 -13.954 -14.221 -14.144 -14.317 
754530.0 -13.955 -14.222 -14.145 -14.317 
765560.0 -13.957 -14.223 -14.147 -14.318 
776740.0 -13.958 -14.224 -14.148 -14.318 
788100.0 -13.959 -14.225 -14.149 -14.32 
799610.0 -13.961 -14.226 -14.151 -14.32 
811300.0 -13.962 -14.227 -14.152 -14.319 
823150.0 -13.963 -14.228 -14.153 -14.32 
835180.0 -13.965 -14.23 -14.155 -14.322 
847390.0 -13.966 -14.231 -14.159 -14.327 
859770.0 -13.967 -14.232 -14.162 -14.332 
872340.0 -13.969 -14.233 -14.164 -14.335 
885090.0 -13.97 -14.234 -14.166 -14.337 
898020.0 -13.972 -14.236 -14.169 -14.34 
911150.0 -13.973 -14.237 -14.171 -14.342 
924460.0 -13.975 -14.238 -14.169 -14.348 
937970.0 -13.977 -14.239 -14.169 -14.349 
951680.0 -13.978 -14.241 -14.17 -14.352 
965590.0 -13.98 -14.242 -14.171 -14.351 
979700.0 -13.981 -14.243 -14.172 -14.351 
994020.0 -13.983 -14.245 -14.173 -14.354 
1008500.0 -13.985 -14.246 -14.174 -14.355 
1023300.0 -13.986 -14.248 -14.172 -14.358 
1038200.0 -13.988 -14.249 -14.175 -14.359 
1053400.0 -13.99 -14.251 -14.184 -14.365 
1068800.0 -13.992 -14.252 -14.185 -14.368 
1084400.0 -13.994 -14.253 -14.192 -14.369 
1100300.0 -13.996 -14.255 -14.197 -14.371 
1116400.0 -13.998 -14.256 -14.2 -14.372 
1132700.0 -14.0 -14.258 -14.203 -14.371 
1149200.0 -14.002 -14.26 -14.215 -14.373 
1166000.0 -14.004 -14.262 -14.22 -14.376 
1183100.0 -14.006 -14.263 -14.227 -14.384 
1200300.0 -14.008 -14.265 -14.233 -14.389 
1217900.0 -14.01 -14.267 -14.237 -14.396 
1235700.0 -14.012 -14.269 -14.242 -14.398 
1253700.0 -14.014 -14.271 -14.244 -14.405 
1272100.0 -14.017 -14.273 -14.249 -14.41 
1290700.0 -14.019 -14.275 -14.255 -14.414 
1309500.0 -14.021 -14.277 -14.258 -14.417 
1328700.0 -14.024 -14.279 -14.263 -14.422 
1348100.0 -14.026 -14.281 -14.266 -14.421 
1367800.0 -14.028 -14.283 -14.27 -14.426 
1387800.0 -14.031 -14.285 -14.274 -14.429 
1408000.0 -14.033 -14.287 -14.276 -14.436 
1428600.0 -14.036 -14.29 -14.28 -14.443 
1449500.0 -14.039 -14.292 -14.286 -14.451 
1470700.0 -14.042 -14.294 -14.288 -14.459 
1492200.0 -14.044 -14.297 -14.292 -14.47 
1514000.0 -14.047 -14.299 -14.297 -14.478 
1536100.0 -14.05 -14.302 -14.301 -14.484 
1558600.0 -14.053 -14.304 -14.303 -14.494 
1581300.0 -14.056 -14.307 -14.305 -14.5 
1604400.0 -14.059 -14.31 -14.307 -14.509 
1627900.0 -14.062 -14.312 -14.311 -14.516 
1651700.0 -14.065 -14.315 -14.316 -14.525 
1675800.0 -14.068 -14.318 -14.321 -14.533 
1700300.0 -14.071 -14.321 -14.324 -14.543 
1725200.0 -14.075 -14.325 -14.329 -14.552 
1750400.0 -14.078 -14.328 -14.335 -14.56 
1775900.0 -14.081 -14.331 -14.338 -14.568 
1801900.0 -14.085 -14.334 -14.343 -14.575 
1828200.0 -14.088 -14.338 -14.346 -14.586 
1855000.0 -14.092 -14.341 -14.35 -14.591 
1882100.0 -14.095 -14.345 -14.355 -14.598 
1909600.0 -14.099 -14.349 -14.36 -14.606 
1937500.0 -14.103 -14.353 -14.365 -14.611 
1965800.0 -14.107 -14.358 -14.368 -14.621 
1994500.0 -14.111 -14.363 -14.371 -14.629 
2023700.0 -14.115 -14.368 -14.377 -14.643 
2053200.0 -14.119 -14.368 -14.382 -14.647 
2083200.0 -14.123 -14.38 -14.387 -14.646 
2113700.0 -14.127 -14.385 -14.392 -14.657 
2144600.0 -14.132 -14.39 -14.405 -14.661 
2175900.0 -14.136 -14.395 -14.418 -14.668 
2207700.0 -14.141 -14.4 -14.429 -14.679 
2240000.0 -14.146 -14.406 -14.439 -14.687 
2272700.0 -14.151 -14.412 -14.448 -14.699 
2305900.0 -14.156 -14.418 -14.455 -14.709 
2339600.0 -14.162 -14.423 -14.463 -14.714 
2373800.0 -14.168 -14.429 -14.471 -14.719 
2408500.0 -14.174 -14.436 -14.477 -14.725 
2443700.0 -14.181 -14.442 -14.487 -14.731 
2479400.0 -14.187 -14.45 -14.496 -14.737 
2515700.0 -14.193 -14.455 -14.503 -14.742 
2552400.0 -14.199 -14.462 -14.511 -14.742 
2589700.0 -14.207 -14.469 -14.521 -14.734 
2627600.0 -14.215 -14.477 -14.529 -14.725 
2666000.0 -14.224 -14.483 -14.54 -14.718 
2704900.0 -14.233 -14.492 -14.549 -14.712 
2744500.0 -14.242 -14.501 -14.56 -14.707 
2784600.0 -14.253 -14.512 -14.569 -14.703 
2825300.0 -14.266 -14.521 -14.577 -14.702 
2866600.0 -14.284 -14.534 -14.59 -14.701 
2908500.0 -14.339 -14.543 -14.596 -14.698 
2951000.0 -14.38 -14.556 -14.606 -14.696 
2994100.0 -14.383 -14.572 -14.616 -14.696 
3037800.0 -14.38 -14.589 -14.618 -14.696 
3082200.0 -14.603 -14.606 -14.605 -14.697 
3127300.0 -14.523 -14.704 -14.594 -14.694 
3173000.0 -14.485 -14.652 -14.58 -14.689 
3219400.0 -14.475 -14.637 -14.567 -14.68 
3266400.0 -14.473 -14.636 -14.553 -14.671 
3314100.0 -14.442 -14.621 -14.543 -14.658 
3362600.0 -14.416 -14.609 -14.532 -14.642 
3411700.0 -14.396 -14.596 -14.522 -14.622 
3461600.0 -14.38 -14.586 -14.512 -14.601 
3512200.0 -14.37 -14.584 -14.502 -14.571 
3563500.0 -14.357 -14.596 -14.494 -14.535 
3615600.0 -14.367 -14.598 -14.512 -14.501 
3668400.0 -14.392 -14.518 -14.496 -14.452 
3722000.0 -14.44 -14.477 -14.477 -14.42 
3776400.0 -14.513 -14.502 -14.474 -14.393 
3831600.0 -14.584 -14.48 -14.474 -14.37 
3887600.0 -14.654 -14.459 -14.472 -14.352 
3944400.0 -14.731 -14.438 -14.47 -14.335 
4002100.0 -14.789 -14.419 -14.468 -14.319 
4060500.0 -14.771 -14.402 -14.465 -14.308 
4119900.0 -14.689 -14.392 -14.462 -14.298 
4180100.0 -14.621 -14.372 -14.453 -14.289 
4241200.0 -14.603 -14.359 -14.445 -14.279 
4303200.0 -14.59 -14.342 -14.435 -14.273 
4366000.0 -14.575 -14.331 -14.421 -14.27 
4429800.0 -14.553 -14.317 -14.389 -14.269 
4494600.0 -14.521 -14.308 -14.326 -14.265 
4560300.0 -14.478 -14.302 -14.299 -14.265 
4626900.0 -14.428 -14.301 -14.266 -14.266 
4694500.0 -14.376 -14.306 -14.247 -14.269 
4763100.0 -14.322 -14.317 -14.236 -14.271 
4832800.0 -14.267 -14.332 -14.229 -14.277 
4903400.0 -14.212 -14.349 -14.227 -14.285 
4975000.0 -14.158 -14.381 -14.227 -14.292 
5047700.0 -14.107 -14.414 -14.23 -14.298 
5121500.0 -14.058 -14.441 -14.234 -14.354 
5196400.0 -14.014 -14.461 -14.241 -14.371 
5272300.0 -13.97 -14.477 -14.246 -14.385 
5349400.0 -13.924 -14.494 -14.251 -14.402 
5427500.0 -13.882 -14.506 -14.258 -14.423 
5506800.0 -13.849 -14.52 -14.266 -14.446 
5587300.0 -13.819 -14.534 -14.276 -14.474 
5669000.0 -13.793 -14.548 -14.286 -14.51 
5751800.0 -13.765 -14.557 -14.311 -14.552 
5835900.0 -13.739 -14.563 -14.341 -14.601 
5921200.0 -13.714 -14.577 -14.372 -14.661 
6007700.0 -13.687 -14.593 -14.397 -14.73 
6095500.0 -13.663 -14.631 -14.414 -14.802 
6184600.0 -13.638 -14.671 -14.405 -14.879 
6275000.0 -13.615 -14.725 -14.401 -14.94 
6366700.0 -13.59 -14.756 -14.395 -14.974 
6459700.0 -13.567 -14.726 -14.391 -14.95 
6554100.0 -13.542 -14.661 -14.387 -14.882 
6649900.0 -13.519 -14.613 -14.39 -14.707 
6747100.0 -13.498 -14.587 -14.391 -14.462 
6845700.0 -13.475 -14.558 -14.389 -14.138 
6945700.0 -13.453 -14.53 -14.386 -13.739 
7047200.0 -13.433 -14.503 -14.372 -13.582 
7150200.0 -13.414 -14.474 -14.351 -13.542 
7254700.0 -13.395 -14.446 -14.321 -13.508 
7360700.0 -13.377 -14.416 -14.278 -13.475 
7468300.0 -13.359 -14.385 -14.238 -13.447 
7577500.0 -13.341 -14.356 -14.2 -13.421 
7688200.0 -13.324 -14.323 -14.15 -13.382 
7800500.0 -13.306 -14.291 -14.106 -13.358 
7914500.0 -13.289 -14.262 -14.057 -13.327 
8030200.0 -13.271 -14.229 -14.012 -13.306 
8147600.0 -13.253 -14.197 -13.966 -13.282 
8266600.0 -13.235 -14.164 -13.911 -13.258 
8387400.0 -13.219 -14.132 -13.848 -13.237 
8510000.0 -13.202 -14.099 -13.784 -13.217 
8634400.0 -13.185 -14.066 -13.713 -13.194 
8760600.0 -13.168 -14.034 -13.651 -13.176 
8888600.0 -13.153 -14.001 -13.597 -13.157 
9018500.0 -13.136 -13.967 -13.568 -13.141 
9150300.0 -13.121 -13.932 -13.547 -13.122 
9284000.0 -13.104 -13.901 -13.54 -13.107 
9419700.0 -13.089 -13.867 -13.534 -13.089 
9557400.0 -13.072 -13.833 -13.528 -13.074 
9697000.0 -13.055 -13.8 -13.521 -13.058 
9838800.0 -13.04 -13.766 -13.512 -13.043 
9982500.0 -13.024 -13.734 -13.503 -13.027 
10128000.0 -13.013 -13.709 -13.492 -13.011 
10276000.0 -13.003 -13.689 -13.482 -12.995 
10427000.0 -12.996 -13.67 -13.473 -12.979 
10579000.0 -12.991 -13.652 -13.462 -12.963 
10734000.0 -12.991 -13.634 -13.451 -12.946 
10890000.0 -12.99 -13.615 -13.441 -12.931 
11050000.0 -12.991 -13.597 -13.429 -12.915 
11211000.0 -12.993 -13.579 -13.417 -12.9 
11375000.0 -12.995 -13.561 -13.405 -12.885 
11541000.0 -12.996 -13.543 -13.391 -12.871 
11710000.0 -12.998 -13.525 -13.378 -12.856 
11881000.0 -13.0 -13.508 -13.365 -12.842 
12055000.0 -13.002 -13.491 -13.349 -12.827 
12231000.0 -13.004 -13.473 -13.335 -12.812 
12410000.0 -13.005 -13.456 -13.318 -12.799 
12591000.0 -13.005 -13.439 -13.301 -12.785 
12775000.0 -13.003 -13.423 -13.283 -12.771 
12962000.0 -12.998 -13.406 -13.267 -12.757 
13151000.0 -12.993 -13.39 -13.252 -12.744 
13343000.0 -12.987 -13.374 -13.233 -12.73 
13538000.0 -12.98 -13.357 -13.214 -12.717 
13736000.0 -12.972 -13.342 -13.194 -12.705 
13937000.0 -12.964 -13.325 -13.175 -12.694 
14140000.0 -12.954 -13.311 -13.156 -12.68 
14347000.0 -12.945 -13.298 -13.136 -12.67 
14557000.0 -12.933 -13.284 -13.117 -12.658 
14770000.0 -12.923 -13.275 -13.097 -12.646 
14985000.0 -12.912 -13.266 -12.917 -12.634 
15204000.0 -12.898 -13.256 -12.906 -12.623 
15427000.0 -12.883 -13.245 -12.888 -12.61 
15652000.0 -12.868 -13.234 -12.875 -12.598 
15881000.0 -12.855 -13.224 -12.861 -12.588 
16113000.0 -12.841 -13.214 -12.847 -12.576 
16348000.0 -12.828 -13.203 -12.96 -12.563 
16587000.0 -12.815 -13.193 -12.941 -12.551 
16830000.0 -12.802 -13.183 -12.922 -12.54 
17076000.0 -12.79 -13.174 -12.902 -12.527 
17325000.0 -12.777 -13.162 -12.883 -12.514 
17578000.0 -12.766 -13.153 -12.863 -12.5 
17835000.0 -12.755 -13.142 -12.844 -12.491 
18096000.0 -12.743 -13.132 -12.825 -12.478 
18360000.0 -12.732 -13.122 -12.806 -12.465 
18629000.0 -12.722 -13.11 -12.791 -12.452 
18901000.0 -12.712 -13.1 -12.778 -12.44 
19177000.0 -12.7 -13.09 -12.767 -12.427 
19457000.0 -12.692 -13.079 -12.754 -12.412 
19742000.0 -12.682 -13.067 -12.742 -12.398 
20030000.0 -12.673 -13.058 -12.731 -12.384 
20323000.0 -12.662 -13.046 -12.719 -12.37 
20620000.0 -12.654 -13.035 -12.707 -12.356 
20921000.0 -12.643 -13.024 -12.636 -12.34 
21227000.0 -12.633 -13.013 -12.685 -12.325 
21537000.0 -12.625 -13.002 -12.675 -12.31 
21852000.0 -12.615 -12.988 -12.603 -12.294 
22171000.0 -12.608 -12.976 -12.653 -12.281 
22495000.0 -12.598 -12.965 -12.644 -12.268 
22824000.0 -12.59 -12.956 -12.632 -12.253 
23158000.0 -12.581 -12.945 -12.621 -12.24 
23496000.0 -12.573 -12.934 -12.61 -12.233 
23839000.0 -12.564 -12.924 -12.599 -12.226 
24188000.0 -12.555 -12.913 -12.588 -12.218 
24541000.0 -12.55 -12.902 -12.578 -12.211 
24900000.0 -12.542 -12.891 -12.569 -12.203 
25264000.0 -12.534 -12.88 -12.56 -12.196 
25633000.0 -12.524 -12.869 -12.55 -12.189 
26008000.0 -12.517 -12.858 -12.541 -12.183 
26388000.0 -12.509 -12.845 -12.532 -12.176 
26773000.0 -12.502 -12.835 -12.522 -12.17 
27165000.0 -12.495 -12.824 -12.512 -12.163 
27562000.0 -12.489 -12.812 -12.503 -12.156 
27964000.0 -12.481 -12.801 -12.494 -12.148 
28373000.0 -12.475 -12.79 -12.485 -12.146 
28788000.0 -12.469 -12.779 -12.476 -12.139 
29209000.0 -12.462 -12.768 -12.467 -12.134 
29635000.0 -12.453 -12.757 -12.457 -12.127 
30068000.0 -12.447 -12.746 -12.448 -12.122 
30508000.0 -12.44 -12.734 -12.44 -12.117 
30954000.0 -12.433 -12.724 -12.43 -12.112 
31406000.0 -12.429 -12.714 -12.419 -12.108 
31865000.0 -12.422 -12.702 -12.412 -12.101 
32331000.0 -12.417 -12.691 -12.406 -12.097 
32803000.0 -12.412 -12.678 -12.399 -12.092 
33283000.0 -12.41 -12.666 -12.393 -12.088 
33769000.0 -12.403 -12.654 -12.386 -12.084 
34263000.0 -12.398 -12.64 -12.38 -12.078 
34763000.0 -12.392 -12.628 -12.374 -12.075 
35271000.0 -12.385 -12.617 -12.368 -12.071 
35787000.0 -12.378 -12.606 -12.362 -12.067 
36310000.0 -12.367 -12.594 -12.356 -12.063 
36840000.0 -12.36 -12.584 -12.35 -12.059 
37379000.0 -12.351 -12.573 -12.344 -12.055 
37925000.0 -12.343 -12.563 -12.338 -12.052 
38479000.0 -12.335 -12.552 -12.332 -12.049 
39042000.0 -12.327 -12.542 -12.325 -12.046 
39612000.0 -12.318 -12.531 -12.319 -12.042 
40191000.0 -12.312 -12.522 -12.312 -12.04 
40778000.0 -12.301 -12.512 -12.307 -12.038 
41374000.0 -12.295 -12.503 -12.301 -12.036 
41979000.0 -12.283 -12.493 -12.296 -12.034 
42593000.0 -12.277 -12.483 -12.291 -12.032 
43215000.0 -12.268 -12.474 -12.284 -12.03 
43847000.0 -12.258 -12.464 -12.278 -12.029 
44487000.0 -12.248 -12.454 -12.273 -12.028 
45137000.0 -12.237 -12.445 -12.267 -12.027 
45797000.0 -12.227 -12.436 -12.261 -12.027 
46466000.0 -12.217 -12.427 -12.255 -12.028 
47145000.0 -12.211 -12.418 -12.249 -12.029 
47834000.0 -12.197 -12.409 -12.243 -12.031 
48534000.0 -12.187 -12.4 -12.238 -12.035 
49243000.0 -12.177 -12.391 -12.232 -12.039 
49962000.0 -12.166 -12.383 -12.227 -12.045 
50693000.0 -12.158 -12.374 -12.222 -12.049 
51433000.0 -12.149 -12.366 -12.217 -12.053 
52185000.0 -12.141 -12.357 -12.213 -12.047 
52948000.0 -12.132 -12.349 -12.209 -12.043 
53722000.0 -12.125 -12.341 -12.208 -12.038 
54507000.0 -12.117 -12.335 -12.206 -12.033 
55303000.0 -12.108 -12.328 -12.2 -12.028 
56111000.0 -12.1 -12.322 -12.191 -12.021 
56931000.0 -12.092 -12.314 -12.18 -12.016 
57763000.0 -12.083 -12.303 -12.17 -12.009 
58608000.0 -12.075 -12.294 -12.16 -12.002 
59464000.0 -12.067 -12.285 -12.149 -11.995 
60333000.0 -12.059 -12.276 -12.139 -11.988 
61215000.0 -12.052 -12.267 -12.129 -11.981 
62109000.0 -12.043 -12.258 -12.119 -11.974 
63017000.0 -12.036 -12.249 -12.108 -11.966 
63938000.0 -12.028 -12.239 -12.097 -11.957 
64872000.0 -12.021 -12.23 -12.086 -11.948 
65821000.0 -12.013 -12.222 -12.075 -11.939 
66782000.0 -12.004 -12.212 -12.064 -11.928 
67758000.0 -11.995 -12.203 -12.053 -11.916 
68749000.0 -11.987 -12.194 -12.041 -11.904 
69753000.0 -11.978 -12.184 -12.03 -11.89 
70773000.0 -11.968 -12.175 -12.02 -11.876 
71807000.0 -11.959 -12.165 -12.008 -11.862 
72856000.0 -11.953 -12.155 -11.996 -11.847 
73921000.0 -11.946 -12.146 -11.984 -11.836 
75001000.0 -11.939 -12.135 -11.97 -11.826 
76098000.0 -11.933 -12.124 -11.956 -11.818 
77210000.0 -11.927 -12.113 -11.944 -11.808 
78338000.0 -11.921 -12.103 -11.933 -11.798 
79483000.0 -11.915 -12.093 -11.922 -11.79 
80644000.0 -11.913 -12.084 -11.911 -11.78 
81823000.0 -11.904 -12.074 -11.9 -11.771 
83019000.0 -11.902 -12.064 -11.89 -11.762 
84232000.0 -11.897 -12.055 -11.879 -11.753 
85463000.0 -11.891 -12.046 -11.868 -11.744 
86712000.0 -11.886 -12.036 -11.857 -11.734 
87979000.0 -11.883 -12.026 -11.847 -11.725 
89265000.0 -11.88 -12.017 -11.835 -11.716 
90569000.0 -11.876 -12.007 -11.825 -11.706 
91893000.0 -11.873 -11.998 -11.815 -11.697 
93236000.0 -11.869 -11.989 -11.803 -11.688 
94599000.0 -11.866 -11.979 -11.793 -11.679 
95981000.0 -11.864 -11.97 -11.781 -11.67 
97384000.0 -11.864 -11.961 -11.77 -11.66 
98807000.0 -11.864 -11.951 -11.759 -11.652 
100250000.0 -11.861 -11.942 -11.749 -11.642 
101720000.0 -11.862 -11.932 -11.739 -11.632 
103200000.0 -11.863 -11.923 -11.727 -11.623 
104710000.0 -11.859 -11.914 -11.717 -11.614 
106240000.0 -11.854 -11.906 -11.706 -11.605 
107790000.0 -11.85 -11.897 -11.695 -11.595 
109370000.0 -11.846 -11.889 -11.684 -11.586 
110970000.0 -11.841 -11.881 -11.674 -11.576 
112590000.0 -11.837 -11.873 -11.663 -11.567 
114230000.0 -11.832 -11.865 -11.653 -11.557 
115900000.0 -11.827 -11.857 -11.642 -11.548 
117600000.0 -11.823 -11.847 -11.632 -11.538 
119320000.0 -11.818 -11.837 -11.62 -11.527 
121060000.0 -11.813 -11.826 -11.61 -11.516 
122830000.0 -11.807 -11.816 -11.599 -11.505 
124620000.0 -11.801 -11.806 -11.588 -11.494 
126450000.0 -11.795 -11.794 -11.577 -11.483 
128290000.0 -11.787 -11.784 -11.567 -11.472 
130170000.0 -11.78 -11.772 -11.556 -11.461 
132070000.0 -11.773 -11.761 -11.545 -11.449 
134000000.0 -11.766 -11.749 -11.534 -11.438 
135960000.0 -11.759 -11.739 -11.523 -11.427 
137950000.0 -11.752 -11.727 -11.511 -11.415 
139960000.0 -11.744 -11.715 -11.5 -11.404 
142010000.0 -11.74 -11.703 -11.487 -11.392 
144080000.0 -11.734 -11.691 -11.476 -11.38 
146190000.0 -11.723 -11.678 -11.463 -11.367 
148320000.0 -11.72 -11.666 -11.45 -11.355 
150490000.0 -11.71 -11.654 -11.438 -11.341 
152690000.0 -11.706 -11.643 -11.425 -11.33 
154920000.0 -11.694 -11.631 -11.413 -11.318 
157190000.0 -11.69 -11.62 -11.401 -11.308 
159480000.0 -11.682 -11.608 -11.389 -11.297 
161810000.0 -11.676 -11.597 -11.377 -11.287 
164180000.0 -11.665 -11.585 -11.365 -11.277 
166580000.0 -11.658 -11.573 -11.353 -11.27 
169010000.0 -11.65 -11.562 -11.339 -11.264 
171480000.0 -11.645 -11.55 -11.327 -11.256 
173990000.0 -11.634 -11.539 -11.313 -11.249 
176530000.0 -11.628 -11.527 -11.299 -11.243 
179110000.0 -11.617 -11.516 -11.286 -11.235 
181730000.0 -11.608 -11.504 -11.273 -11.227 
184390000.0 -11.599 -11.492 -11.261 -11.219 
187080000.0 -11.588 -11.478 -11.249 -11.212 
189810000.0 -11.581 -11.466 -11.238 -11.203 
192590000.0 -11.568 -11.454 -11.227 -11.196 
195400000.0 -11.561 -11.441 -11.216 -11.186 
198260000.0 -11.55 -11.429 -11.208 -11.177 
201160000.0 -11.54 -11.415 -11.201 -11.168 
204100000.0 -11.529 -11.403 -11.193 -11.159 
207080000.0 -11.516 -11.39 -11.185 -11.151 
210100000.0 -11.507 -11.376 -11.177 -11.141 
213180000.0 -11.495 -11.365 -11.169 -11.132 
216290000.0 -11.484 -11.351 -11.16 -11.123 
219450000.0 -11.48 -11.339 -11.152 -11.114 
222660000.0 -11.475 -11.325 -11.144 -11.104 
225910000.0 -11.471 -11.312 -11.135 -11.095 
229210000.0 -11.467 -11.297 -11.126 -11.085 
232560000.0 -11.463 -11.282 -11.116 -11.075 
235960000.0 -11.459 -11.269 -11.107 -11.066 
239410000.0 -11.456 -11.255 -11.097 -11.056 
242910000.0 -11.453 -11.241 -11.088 -11.046 
246460000.0 -11.45 -11.227 -11.078 -11.037 
250060000.0 -11.448 -11.215 -11.068 -11.026 
253720000.0 -11.446 -11.202 -11.058 -11.016 
257420000.0 -11.446 -11.189 -11.048 -11.006 
261190000.0 -11.445 -11.176 -11.039 -10.994 
265000000.0 -11.444 -11.167 -11.029 -10.984 
268880000.0 -11.444 -11.157 -11.019 -10.973 
272800000.0 -11.445 -11.15 -11.009 -10.962 
276790000.0 -11.447 -11.141 -10.999 -10.952 
280840000.0 -11.449 -11.13 -10.989 -10.941 
284940000.0 -11.452 -11.122 -10.979 -10.93 
289110000.0 -11.446 -11.113 -10.969 -10.918 
293330000.0 -11.45 -11.103 -10.959 -10.908 
297620000.0 -11.455 -11.094 -10.949 -10.896 
301970000.0 -11.459 -11.084 -10.939 -10.885 
306380000.0 -11.453 -11.075 -10.929 -10.873 
310860000.0 -11.438 -11.064 -10.919 -10.862 
315400000.0 -11.425 -11.055 -10.909 -10.851 
320010000.0 -11.412 -11.045 -10.898 -10.839 
324690000.0 -11.399 -11.034 -10.888 -10.828 
329430000.0 -11.386 -11.024 -10.877 -10.815 
334250000.0 -11.375 -11.014 -10.866 -10.804 
339130000.0 -11.364 -11.003 -10.855 -10.792 
344090000.0 -11.352 -10.993 -10.844 -10.781 
349110000.0 -11.342 -10.983 -10.833 -10.769 
354220000.0 -11.331 -10.973 -10.821 -10.757 
359390000.0 -11.32 -10.964 -10.81 -10.745 
364650000.0 -11.313 -10.954 -10.799 -10.734 
369970000.0 -11.304 -10.944 -10.787 -10.722 
375380000.0 -11.295 -10.935 -10.775 -10.711 
380870000.0 -11.287 -10.925 -10.764 -10.698 
386430000.0 -11.278 -10.916 -10.753 -10.687 
392080000.0 -11.27 -10.906 -10.741 -10.675 
397810000.0 -11.263 -10.897 -10.73 -10.664 
403620000.0 -11.255 -10.887 -10.719 -10.652 
409520000.0 -11.246 -10.879 -10.707 -10.64 
415510000.0 -11.24 -10.871 -10.696 -10.629 
421580000.0 -11.233 -10.862 -10.685 -10.616 
427740000.0 -11.226 -10.853 -10.674 -10.605 
433990000.0 -11.222 -10.846 -10.663 -10.593 
440330000.0 -11.215 -10.837 -10.652 -10.581 
446770000.0 -11.21 -10.829 -10.641 -10.569 
453300000.0 -11.204 -10.82 -10.63 -10.557 
459920000.0 -11.199 -10.812 -10.619 -10.546 
466640000.0 -11.191 -10.804 -10.608 -10.534 
473460000.0 -11.176 -10.796 -10.597 -10.522 
480380000.0 -11.16 -10.787 -10.586 -10.509 
487400000.0 -11.143 -10.779 -10.574 -10.498 
494530000.0 -11.126 -10.771 -10.562 -10.485 
501750000.0 -11.11 -10.761 -10.551 -10.472 
509090000.0 -11.092 -10.751 -10.539 -10.46 
516530000.0 -11.075 -10.743 -10.527 -10.448 
524080000.0 -11.058 -10.735 -10.514 -10.435 
531730000.0 -11.039 -10.728 -10.502 -10.422 
539510000.0 -11.021 -10.721 -10.49 -10.409 
547390000.0 -11.002 -10.714 -10.477 -10.397 
555390000.0 -10.985 -10.708 -10.465 -10.384 
563510000.0 -10.966 -10.701 -10.452 -10.372 
571740000.0 -10.948 -10.694 -10.44 -10.358 
580100000.0 -10.926 -10.688 -10.427 -10.345 
588570000.0 -10.908 -10.682 -10.414 -10.331 
597180000.0 -10.886 -10.676 -10.401 -10.318 
605900000.0 -10.865 -10.67 -10.388 -10.306 
614760000.0 -10.843 -10.664 -10.375 -10.292 
623740000.0 -10.822 -10.659 -10.363 -10.278 
632860000.0 -10.801 -10.653 -10.35 -10.265 
642110000.0 -10.775 -10.647 -10.337 -10.251 
651490000.0 -10.758 -10.641 -10.324 -10.238 
661010000.0 -10.742 -10.635 -10.311 -10.223 
670670000.0 -10.727 -10.63 -10.299 -10.209 
680470000.0 -10.712 -10.625 -10.285 -10.196 
690420000.0 -10.698 -10.623 -10.272 -10.182 
700510000.0 -10.683 -10.615 -10.26 -10.169 
710740000.0 -10.67 -10.605 -10.246 -10.156 
721130000.0 -10.657 -10.593 -10.234 -10.142 
731670000.0 -10.643 -10.583 -10.22 -10.128 
742360000.0 -10.63 -10.571 -10.207 -10.115 
753210000.0 -10.618 -10.56 -10.194 -10.101 
764220000.0 -10.606 -10.548 -10.181 -10.088 
775390000.0 -10.594 -10.537 -10.168 -10.074 
786720000.0 -10.583 -10.524 -10.154 -10.06 
798220000.0 -10.572 -10.512 -10.142 -10.046 
809880000.0 -10.561 -10.497 -10.129 -10.032 
821720000.0 -10.551 -10.486 -10.115 -10.018 
833730000.0 -10.544 -10.473 -10.101 -10.004 
845910000.0 -10.533 -10.46 -10.088 -9.99 
858270000.0 -10.522 -10.447 -10.075 -9.976 
870820000.0 -10.51 -10.433 -10.061 -9.962 
883540000.0 -10.499 -10.42 -10.048 -9.948 
896450000.0 -10.488 -10.406 -10.035 -9.934 
909550000.0 -10.478 -10.392 -10.021 -9.92 
922850000.0 -10.468 -10.378 -10.009 -9.906 
936330000.0 -10.458 -10.363 -9.995 -9.891 
950020000.0 -10.451 -10.349 -9.981 -9.877 
963900000.0 -10.438 -10.332 -9.968 -9.863 
977990000.0 -10.43 -10.315 -9.954 -9.848 
992280000.0 -10.422 -10.3 -9.94 -9.835 
1006800000.0 -10.414 -10.285 -9.927 -9.82 
1021500000.0 -10.407 -10.27 -9.914 -9.806 
1036400000.0 -10.401 -10.255 -9.901 -9.792 
1051600000.0 -10.396 -10.24 -9.886 -9.779 
1066900000.0 -10.391 -10.225 -9.873 -9.765 
1082500000.0 -10.386 -10.21 -9.86 -9.753 
1098400000.0 -10.384 -10.2 -9.847 -9.739 
1114400000.0 -10.386 -10.19 -9.834 -9.726 
1130700000.0 -10.398 -10.182 -9.82 -9.712 
1147200000.0 -10.396 -10.174 -9.811 -9.699 
1164000000.0 -10.397 -10.168 -9.802 -9.685 
1181000000.0 -10.398 -10.164 -9.794 -9.674 
1198200000.0 -10.398 -10.16 -9.787 -9.665 
1215800000.0 -10.4 -10.164 -9.78 -9.656 
1233500000.0 -10.401 -10.163 -9.776 -9.647 
1251600000.0 -10.402 -10.175 -9.771 -9.64 
1269800000.0 -10.403 -10.18 -9.768 -9.633 
1288400000.0 -10.391 -10.185 -9.771 -9.628 
1307200000.0 -10.391 -10.191 -9.768 -9.622 
1326300000.0 -10.393 -10.191 -9.769 -9.62 
1345700000.0 -10.383 -10.193 -9.769 -9.617 
1365400000.0 -10.371 -10.196 -9.765 -9.613 
1385300000.0 -10.356 -10.202 -9.761 -9.612 
1405600000.0 -10.337 -10.228 -9.758 -9.605 
1426100000.0 -10.315 -10.3 -9.755 -9.599 
1447000000.0 -10.263 -10.473 -9.754 -9.595 
1468100000.0 -10.219 -10.019 -9.778 -9.588 
1489600000.0 -10.196 -9.967 -9.786 -9.585 
1511300000.0 -10.175 -9.924 -9.785 -9.597 
1533400000.0 -10.157 -9.881 -9.777 -9.583 
1555800000.0 -10.139 -9.853 -9.571 -9.568 
1578600000.0 -10.123 -9.829 -9.533 -9.548 
1601600000.0 -10.11 -9.807 -9.508 -9.513 
1625000000.0 -10.101 -9.788 -9.484 -9.408 
1648800000.0 -10.089 -9.773 -9.463 -9.375 
1672900000.0 -10.081 -9.786 -9.444 -9.349 
1697300000.0 -10.077 -9.766 -9.428 -9.323 
1722100000.0 -10.073 -9.746 -9.414 -9.3 
1747300000.0 -10.089 -9.727 -9.405 -9.277 
1772800000.0 -10.083 -9.708 -9.396 -9.256 
1798800000.0 -10.076 -9.689 -9.378 -9.237 
1825000000.0 -10.069 -9.671 -9.36 -9.226 
1851700000.0 -10.062 -9.652 -9.341 -9.206 
1878800000.0 -10.053 -9.634 -9.325 -9.188 
1906200000.0 -10.048 -9.617 -9.307 -9.168 
1934100000.0 -10.04 -9.6 -9.289 -9.151 
1962400000.0 -10.031 -9.584 -9.27 -9.132 
1991000000.0 -10.02 -9.567 -9.254 -9.115 
2020100000.0 -10.003 -9.55 -9.24 -9.098 
2049700000.0 -9.99 -9.533 -9.221 -9.081 
2079600000.0 -9.973 -9.516 -9.205 -9.065 
2110000000.0 -9.954 -9.499 -9.189 -9.05 
2140800000.0 -9.937 -9.482 -9.175 -9.035 
2172100000.0 -9.926 -9.465 -9.16 -9.019 
2203900000.0 -9.911 -9.449 -9.146 -9.003 
2236100000.0 -9.899 -9.434 -9.131 -8.988 
2268800000.0 -9.886 -9.423 -9.119 -8.973 
2301900000.0 -9.873 -9.41 -9.102 -8.956 
2335500000.0 -9.86 -9.396 -9.088 -8.939 
2369700000.0 -9.847 -9.383 -9.073 -8.923 
2404300000.0 -9.834 -9.374 -9.06 -8.908 
2439400000.0 -9.821 -9.36 -9.046 -8.893 
2475100000.0 -9.808 -9.346 -9.032 -8.877 
2511300000.0 -9.794 -9.332 -9.017 -8.861 
2548000000.0 -9.777 -9.321 -9.003 -8.77 
2585200000.0 -9.763 -9.309 -8.989 -8.83 
2623000000.0 -9.75 -9.297 -8.975 -8.814 
2661300000.0 -9.736 -9.287 -8.959 -8.797 
2700200000.0 -9.724 -9.276 -8.945 -8.783 
2739700000.0 -9.712 -9.267 -8.931 -8.767 
2779700000.0 -9.7 -9.255 -8.917 -8.751 
2820300000.0 -9.687 -9.235 -8.905 -8.735 
2861600000.0 -9.674 -9.221 -8.891 -8.719 
2903400000.0 -9.661 -9.203 -8.878 -8.705 
2945800000.0 -9.649 -9.187 -8.867 -8.692 
2988900000.0 -9.636 -9.173 -8.854 -8.678 
3032500000.0 -9.623 -9.159 -8.84 -8.665 
3076900000.0 -9.611 -9.144 -8.825 -8.652 
3121800000.0 -9.597 -9.132 -8.81 -8.638 
3167400000.0 -9.584 -9.117 -8.796 -8.624 
3213700000.0 -9.571 -9.103 -8.783 -8.611 
3260700000.0 -9.56 -9.09 -8.769 -8.598 
3308300000.0 -9.55 -9.078 -8.757 -8.586 
3356700000.0 -9.54 -9.064 -8.743 -8.575 
3405800000.0 -9.53 -9.052 -8.73 -8.562 
3455500000.0 -9.518 -9.035 -8.717 -8.55 
3506000000.0 -9.502 -9.023 -8.702 -8.539 
3557300000.0 -9.485 -9.011 -8.687 -8.528 
3609200000.0 -9.47 -9.005 -8.67 -8.517 
3662000000.0 -9.456 -9.0 -8.653 -8.506 
3715500000.0 -9.441 -8.991 -8.64 -8.492 
3769800000.0 -9.426 -8.983 -8.628 -8.48 
3824900000.0 -9.412 -8.973 -8.614 -8.466 
3880800000.0 -9.398 -8.962 -8.602 -8.451 
3937500000.0 -9.385 -8.949 -8.589 -8.439 
3995100000.0 -9.372 -8.938 -8.578 -8.426 
4053400000.0 -9.358 -8.926 -8.565 -8.415 
4112700000.0 -9.346 -8.914 -8.548 -8.403 
4172800000.0 -9.334 -8.903 -8.536 -8.391 
4233800000.0 -9.323 -8.891 -8.526 -8.38 
4295600000.0 -9.311 -8.88 -8.516 -8.367 
4358400000.0 -9.3 -8.868 -8.507 -8.356 
4422100000.0 -9.29 -8.855 -8.501 -8.343 
4486700000.0 -9.278 -8.843 -8.493 -8.333 
4552300000.0 -9.266 -8.831 -8.488 -8.325 
4618800000.0 -9.255 -8.817 -8.48 -8.316 
4686300000.0 -9.245 -8.801 -8.471 -8.307 
4754800000.0 -9.232 -8.78 -8.461 -8.293 
4824300000.0 -9.221 -8.764 -8.448 -8.279 
4894800000.0 -9.207 -8.748 -8.434 -8.263 
4966300000.0 -9.197 -8.732 -8.421 -8.249 
5038900000.0 -9.186 -8.718 -8.407 -8.235 
5112600000.0 -9.172 -8.705 -8.394 -8.22 
5187300000.0 -9.16 -8.689 -8.381 -8.207 
5263100000.0 -9.149 -8.676 -8.367 -8.193 
5340000000.0 -9.136 -8.66 -8.352 -8.177 
5418000000.0 -9.124 -8.645 -8.338 -8.163 
5497200000.0 -9.111 -8.63 -8.324 -8.148 
5577600000.0 -9.1 -8.617 -8.308 -8.133 
5659100000.0 -9.087 -8.601 -8.293 -8.119 
5741800000.0 -9.074 -8.586 -8.28 -8.103 
5825700000.0 -9.062 -8.571 -8.264 -8.088 
5910800000.0 -9.051 -8.555 -8.246 -8.073 
5997200000.0 -9.038 -8.54 -8.219 -8.059 
6084900000.0 -9.024 -8.527 -8.191 -8.044 
6173800000.0 -9.013 -8.508 -8.166 -8.03 
6264000000.0 -9.001 -8.493 -8.151 -8.015 
6355500000.0 -8.99 -8.478 -8.136 -8.003 
6448400000.0 -8.978 -8.459 -8.121 -7.993 
6542700000.0 -8.968 -8.443 -8.106 -7.982 
6638300000.0 -8.959 -8.427 -8.092 -7.97 
6735300000.0 -8.941 -8.411 -8.076 -7.955 
6833700000.0 -8.932 -8.396 -8.064 -7.942 
6933600000.0 -8.919 -8.381 -8.048 -7.93 
7034900000.0 -8.908 -8.367 -8.035 -7.916 
7137700000.0 -8.896 -8.35 -8.02 -7.904 
7242000000.0 -8.886 -8.337 -8.006 -7.89 
7347900000.0 -8.872 -8.321 -7.992 -7.875 
7455300000.0 -8.861 -8.309 -7.978 -7.862 
7564200000.0 -8.849 -8.296 -7.965 -7.849 
7674800000.0 -8.837 -8.283 -7.951 -7.835 
7786900000.0 -8.827 -8.268 -7.938 -7.821 
7900700000.0 -8.819 -8.253 -7.923 -7.807 
8016200000.0 -8.802 -8.241 -7.91 -7.793 
8133300000.0 -8.791 -8.225 -7.897 -7.778 
8252200000.0 -8.782 -8.212 -7.884 -7.764 
8372800000.0 -8.765 -8.205 -7.877 -7.75 
8495200000.0 -8.753 -8.19 -7.878 -7.736 
8619300000.0 -8.741 -8.179 -7.882 -7.723 
8745300000.0 -8.733 -8.16 -7.871 -7.711 
8873100000.0 -8.705 -8.147 -7.859 -7.698 
9002800000.0 -8.706 -8.134 -7.848 -7.687 
9134300000.0 -8.695 -8.123 -7.836 -7.675 
9267800000.0 -8.673 -8.112 -7.824 -7.66 
9403300000.0 -8.67 -8.118 -7.812 -7.649 
9540700000.0 -8.641 -8.117 -7.8 -7.634 
9680100000.0 -8.628 -8.1 -7.789 -7.621 
9821600000.0 -8.63 -8.097 -7.778 -7.608 
9965100000.0 -8.616 -8.076 -7.766 -7.595 
10111000000.0 -8.603 -8.073 -7.754 -7.582 
10258000000.0 -8.59 -8.057 -7.743 -7.567 
10408000000.0 -8.574 -8.053 -7.73 -7.555 
10561000000.0 -8.56 -8.036 -7.719 -7.542 
10715000000.0 -8.549 -8.02 -7.709 -7.529 
10871000000.0 -8.535 -8.012 -7.696 -7.516 
11030000000.0 -8.525 -7.999 -7.687 -7.504 
11192000000.0 -8.51 -7.99 -7.674 -7.492 
11355000000.0 -8.493 -7.977 -7.663 -7.478 
11521000000.0 -8.481 -7.967 -7.65 -7.466 
11689000000.0 -8.452 -7.956 -7.639 -7.455 
11860000000.0 -8.456 -7.944 -7.628 -7.443 
12034000000.0 -8.419 -7.935 -7.615 -7.43 
12209000000.0 -8.429 -7.92 -7.604 -7.418 
12388000000.0 -8.416 -7.91 -7.589 -7.406 
12569000000.0 -8.41 -7.899 -7.575 -7.391 
12753000000.0 -8.4 -7.887 -7.566 -7.373 
12939000000.0 -8.35 -7.876 -7.552 -7.357 
13128000000.0 -8.363 -7.864 -7.541 -7.345 
13320000000.0 -8.36 -7.852 -7.531 -7.33 
13515000000.0 -8.349 -7.841 -7.518 -7.318 
13712000000.0 -8.326 -7.836 -7.505 -7.306 
13912000000.0 -8.319 -7.816 -7.493 -7.292 
14116000000.0 -8.309 -7.814 -7.481 -7.28 
14322000000.0 -8.297 -7.795 -7.47 -7.266 
14531000000.0 -8.284 -7.783 -7.453 -7.252 
14744000000.0 -8.27 -7.767 -7.444 -7.24 
14959000000.0 -8.221 -7.763 -7.43 -7.226 
15178000000.0 -8.254 -7.747 -7.42 -7.214 
15400000000.0 -8.236 -7.731 -7.408 -7.2 
15625000000.0 -8.199 -7.722 -7.394 -7.187 
15853000000.0 -8.207 -7.707 -7.382 -7.175 
16085000000.0 -8.217 -7.698 -7.373 -7.161 
16320000000.0 -8.19 -7.683 -7.36 -7.149 
16558000000.0 -8.191 -7.673 -7.353 -7.135 
16800000000.0 -8.183 -7.661 -7.336 -7.123 
17046000000.0 -8.171 -7.655 -7.323 -7.111 
17295000000.0 -8.167 -7.635 -7.311 -7.098 
17548000000.0 -8.149 -7.619 -7.304 -7.085 
17804000000.0 -8.139 -7.609 -7.288 -7.071 
18064000000.0 -8.137 -7.592 -7.276 -7.058 
18328000000.0 -8.075 -7.589 -7.263 -7.048 
18596000000.0 -8.123 -7.575 -7.251 -7.035 
18868000000.0 -8.095 -7.557 -7.239 -7.024 
19144000000.0 -8.093 -7.538 -7.228 -7.018 
19423000000.0 -8.078 -7.532 -7.213 -7.02 
19707000000.0 -8.078 -7.529 -7.201 -7.009 
19995000000.0 -8.072 -7.499 -7.191 -6.997 
