#METAL 0.0004 0.008 0.02 0.05 
10000.0 -14.21 -14.426 -14.298 -14.39 
10146.0 -14.21 -14.426 -14.298 -14.39 
10294.0 -14.21 -14.426 -14.298 -14.39 
10445.0 -14.21 -14.426 -14.298 -14.39 
10598.0 -14.21 -14.426 -14.298 -14.39 
10752.0 -14.21 -14.426 -14.298 -14.39 
10910.0 -14.21 -14.426 -14.298 -14.39 
11069.0 -14.21 -14.426 -14.298 -14.39 
11231.0 -14.21 -14.426 -14.298 -14.39 
11395.0 -14.21 -14.426 -14.298 -14.39 
11561.0 -14.21 -14.426 -14.298 -14.39 
11730.0 -14.21 -14.426 -14.298 -14.39 
11902.0 -14.21 -14.426 -14.298 -14.39 
12076.0 -14.21 -14.426 -14.298 -14.39 
12252.0 -14.21 -14.426 -14.298 -14.39 
12431.0 -14.21 -14.426 -14.298 -14.39 
12613.0 -14.21 -14.426 -14.298 -14.39 
12797.0 -14.21 -14.426 -14.298 -14.39 
12984.0 -14.21 -14.426 -14.298 -14.39 
13174.0 -14.21 -14.426 -14.298 -14.39 
13367.0 -14.21 -14.426 -14.298 -14.39 
13562.0 -14.21 -14.426 -14.298 -14.39 
13760.0 -14.21 -14.426 -14.298 -14.39 
13961.0 -14.21 -14.426 -14.298 -14.39 
14165.0 -14.21 -14.426 -14.298 -14.39 
14372.0 -14.21 -14.426 -14.298 -14.39 
14582.0 -14.21 -14.426 -14.298 -14.39 
14795.0 -14.21 -14.426 -14.298 -14.39 
15012.0 -14.21 -14.426 -14.298 -14.39 
15231.0 -14.209 -14.426 -14.298 -14.39 
15454.0 -14.209 -14.426 -14.298 -14.39 
15679.0 -14.209 -14.426 -14.298 -14.39 
15909.0 -14.209 -14.426 -14.298 -14.39 
16141.0 -14.209 -14.426 -14.298 -14.39 
16377.0 -14.209 -14.426 -14.298 -14.39 
16616.0 -14.209 -14.426 -14.298 -14.392 
16859.0 -14.209 -14.426 -14.298 -14.392 
17105.0 -14.209 -14.426 -14.298 -14.392 
17355.0 -14.209 -14.427 -14.298 -14.392 
17609.0 -14.209 -14.427 -14.298 -14.392 
17866.0 -14.209 -14.427 -14.298 -14.392 
18128.0 -14.209 -14.427 -14.298 -14.392 
18392.0 -14.209 -14.427 -14.298 -14.392 
18661.0 -14.209 -14.427 -14.298 -14.392 
18934.0 -14.209 -14.427 -14.298 -14.392 
19211.0 -14.209 -14.427 -14.298 -14.392 
19491.0 -14.209 -14.427 -14.298 -14.392 
19776.0 -14.209 -14.427 -14.298 -14.392 
20065.0 -14.21 -14.427 -14.298 -14.393 
20358.0 -14.21 -14.427 -14.298 -14.393 
20656.0 -14.21 -14.427 -14.298 -14.393 
20958.0 -14.21 -14.427 -14.298 -14.393 
21264.0 -14.21 -14.427 -14.298 -14.393 
21575.0 -14.21 -14.427 -14.298 -14.393 
21890.0 -14.21 -14.427 -14.298 -14.394 
22210.0 -14.21 -14.427 -14.299 -14.394 
22535.0 -14.21 -14.427 -14.299 -14.395 
22864.0 -14.21 -14.427 -14.299 -14.395 
23198.0 -14.21 -14.427 -14.299 -14.395 
23537.0 -14.21 -14.427 -14.299 -14.395 
23881.0 -14.21 -14.427 -14.299 -14.395 
24230.0 -14.21 -14.427 -14.299 -14.395 
24584.0 -14.21 -14.427 -14.299 -14.396 
24944.0 -14.21 -14.427 -14.299 -14.396 
25308.0 -14.21 -14.427 -14.299 -14.396 
25678.0 -14.21 -14.427 -14.299 -14.395 
26053.0 -14.21 -14.427 -14.299 -14.395 
26434.0 -14.21 -14.427 -14.299 -14.395 
26820.0 -14.21 -14.427 -14.299 -14.395 
27212.0 -14.21 -14.427 -14.299 -14.396 
27610.0 -14.21 -14.427 -14.299 -14.396 
28013.0 -14.21 -14.427 -14.299 -14.396 
28423.0 -14.21 -14.427 -14.299 -14.396 
28838.0 -14.21 -14.428 -14.299 -14.396 
29260.0 -14.211 -14.428 -14.299 -14.397 
29687.0 -14.211 -14.428 -14.299 -14.397 
30121.0 -14.211 -14.428 -14.299 -14.397 
30561.0 -14.211 -14.428 -14.299 -14.397 
31008.0 -14.211 -14.428 -14.299 -14.397 
31461.0 -14.211 -14.428 -14.299 -14.399 
31921.0 -14.211 -14.428 -14.299 -14.399 
32387.0 -14.211 -14.428 -14.299 -14.399 
32861.0 -14.211 -14.428 -14.298 -14.4 
33341.0 -14.211 -14.428 -14.298 -14.4 
33828.0 -14.211 -14.428 -14.298 -14.4 
34322.0 -14.211 -14.428 -14.298 -14.4 
34824.0 -14.211 -14.428 -14.298 -14.4 
35333.0 -14.211 -14.428 -14.298 -14.4 
35849.0 -14.211 -14.428 -14.298 -14.4 
36373.0 -14.211 -14.428 -14.298 -14.402 
36905.0 -14.211 -14.428 -14.298 -14.402 
37444.0 -14.211 -14.428 -14.298 -14.403 
37991.0 -14.211 -14.428 -14.298 -14.403 
38547.0 -14.212 -14.428 -14.298 -14.404 
39110.0 -14.212 -14.428 -14.298 -14.404 
39681.0 -14.212 -14.429 -14.298 -14.404 
40261.0 -14.212 -14.429 -14.298 -14.404 
40850.0 -14.212 -14.429 -14.298 -14.404 
41447.0 -14.212 -14.429 -14.298 -14.406 
42052.0 -14.212 -14.429 -14.299 -14.406 
42667.0 -14.212 -14.429 -14.299 -14.404 
43291.0 -14.212 -14.429 -14.299 -14.406 
43923.0 -14.212 -14.429 -14.299 -14.406 
44565.0 -14.212 -14.429 -14.299 -14.406 
45216.0 -14.212 -14.429 -14.299 -14.406 
45877.0 -14.212 -14.429 -14.299 -14.406 
46548.0 -14.212 -14.429 -14.298 -14.406 
47228.0 -14.212 -14.429 -14.298 -14.406 
47918.0 -14.213 -14.429 -14.298 -14.406 
48618.0 -14.213 -14.429 -14.298 -14.406 
49329.0 -14.213 -14.429 -14.298 -14.405 
50050.0 -14.213 -14.429 -14.298 -14.405 
50781.0 -14.213 -14.429 -14.298 -14.406 
51523.0 -14.213 -14.429 -14.298 -14.406 
52276.0 -14.213 -14.43 -14.298 -14.406 
53040.0 -14.213 -14.43 -14.298 -14.406 
53816.0 -14.213 -14.43 -14.299 -14.406 
54602.0 -14.213 -14.43 -14.299 -14.405 
55400.0 -14.213 -14.43 -14.299 -14.405 
56210.0 -14.213 -14.43 -14.299 -14.405 
57031.0 -14.213 -14.43 -14.299 -14.405 
57864.0 -14.214 -14.43 -14.298 -14.406 
58710.0 -14.214 -14.43 -14.298 -14.407 
59568.0 -14.214 -14.43 -14.298 -14.407 
60439.0 -14.214 -14.43 -14.298 -14.407 
61322.0 -14.214 -14.43 -14.299 -14.407 
62218.0 -14.214 -14.43 -14.299 -14.407 
63127.0 -14.214 -14.43 -14.299 -14.407 
64050.0 -14.214 -14.431 -14.299 -14.407 
64986.0 -14.214 -14.431 -14.299 -14.407 
65936.0 -14.214 -14.431 -14.299 -14.407 
66899.0 -14.215 -14.431 -14.299 -14.407 
67877.0 -14.215 -14.431 -14.299 -14.407 
68869.0 -14.215 -14.431 -14.299 -14.407 
69875.0 -14.215 -14.431 -14.299 -14.407 
70897.0 -14.215 -14.431 -14.299 -14.406 
71933.0 -14.215 -14.431 -14.299 -14.407 
72984.0 -14.215 -14.431 -14.299 -14.407 
74050.0 -14.215 -14.431 -14.299 -14.406 
75133.0 -14.215 -14.432 -14.3 -14.405 
76231.0 -14.216 -14.432 -14.3 -14.404 
77345.0 -14.216 -14.432 -14.3 -14.406 
78475.0 -14.216 -14.432 -14.3 -14.404 
79622.0 -14.216 -14.432 -14.299 -14.406 
80785.0 -14.216 -14.431 -14.299 -14.404 
81966.0 -14.216 -14.431 -14.299 -14.404 
83164.0 -14.216 -14.431 -14.299 -14.404 
84379.0 -14.216 -14.431 -14.299 -14.404 
85612.0 -14.217 -14.431 -14.299 -14.405 
86864.0 -14.218 -14.431 -14.299 -14.405 
88133.0 -14.218 -14.431 -14.3 -14.405 
89421.0 -14.218 -14.432 -14.3 -14.405 
90728.0 -14.218 -14.432 -14.3 -14.405 
92054.0 -14.218 -14.431 -14.3 -14.405 
93399.0 -14.218 -14.431 -14.3 -14.405 
94764.0 -14.218 -14.431 -14.3 -14.407 
96149.0 -14.219 -14.431 -14.3 -14.407 
97554.0 -14.219 -14.431 -14.3 -14.407 
98980.0 -14.219 -14.431 -14.3 -14.407 
100430.0 -14.219 -14.432 -14.299 -14.408 
101890.0 -14.219 -14.432 -14.3 -14.408 
103380.0 -14.219 -14.432 -14.3 -14.408 
104890.0 -14.22 -14.432 -14.3 -14.408 
106430.0 -14.22 -14.432 -14.3 -14.408 
107980.0 -14.22 -14.433 -14.3 -14.409 
109560.0 -14.22 -14.433 -14.3 -14.409 
111160.0 -14.22 -14.433 -14.3 -14.409 
112790.0 -14.22 -14.433 -14.301 -14.41 
114430.0 -14.221 -14.433 -14.301 -14.41 
116110.0 -14.221 -14.433 -14.301 -14.41 
117800.0 -14.221 -14.434 -14.301 -14.411 
119520.0 -14.221 -14.434 -14.3 -14.411 
121270.0 -14.221 -14.434 -14.3 -14.41 
123040.0 -14.222 -14.434 -14.3 -14.411 
124840.0 -14.222 -14.434 -14.301 -14.411 
126670.0 -14.222 -14.434 -14.301 -14.411 
128520.0 -14.222 -14.434 -14.3 -14.411 
130400.0 -14.222 -14.435 -14.3 -14.411 
132300.0 -14.223 -14.435 -14.3 -14.411 
134240.0 -14.223 -14.435 -14.3 -14.412 
136200.0 -14.223 -14.435 -14.3 -14.414 
138190.0 -14.223 -14.435 -14.299 -14.414 
140210.0 -14.223 -14.435 -14.299 -14.415 
142260.0 -14.223 -14.435 -14.3 -14.416 
144330.0 -14.224 -14.434 -14.3 -14.416 
146440.0 -14.224 -14.434 -14.3 -14.417 
148580.0 -14.224 -14.434 -14.3 -14.417 
150760.0 -14.224 -14.434 -14.299 -14.418 
152960.0 -14.225 -14.434 -14.3 -14.418 
155190.0 -14.225 -14.435 -14.3 -14.419 
157460.0 -14.225 -14.435 -14.3 -14.419 
159760.0 -14.225 -14.435 -14.299 -14.419 
162100.0 -14.226 -14.435 -14.299 -14.42 
164470.0 -14.226 -14.435 -14.299 -14.42 
166870.0 -14.226 -14.436 -14.3 -14.42 
169310.0 -14.226 -14.436 -14.3 -14.42 
171780.0 -14.227 -14.436 -14.3 -14.42 
174290.0 -14.227 -14.436 -14.3 -14.42 
176840.0 -14.227 -14.436 -14.3 -14.421 
179430.0 -14.227 -14.436 -14.3 -14.421 
182050.0 -14.228 -14.436 -14.3 -14.421 
184710.0 -14.228 -14.436 -14.3 -14.421 
187410.0 -14.228 -14.437 -14.3 -14.422 
190150.0 -14.229 -14.437 -14.3 -14.422 
192930.0 -14.229 -14.437 -14.301 -14.423 
195740.0 -14.229 -14.437 -14.301 -14.423 
198610.0 -14.23 -14.438 -14.3 -14.423 
201510.0 -14.23 -14.438 -14.3 -14.423 
204450.0 -14.23 -14.438 -14.301 -14.423 
207440.0 -14.23 -14.439 -14.301 -14.424 
210470.0 -14.231 -14.439 -14.3 -14.423 
213550.0 -14.231 -14.439 -14.3 -14.418 
216670.0 -14.231 -14.439 -14.301 -14.417 
219840.0 -14.232 -14.44 -14.301 -14.413 
223050.0 -14.232 -14.44 -14.301 -14.411 
226310.0 -14.232 -14.44 -14.301 -14.41 
229610.0 -14.233 -14.441 -14.301 -14.407 
232970.0 -14.233 -14.441 -14.301 -14.405 
236380.0 -14.234 -14.441 -14.301 -14.404 
239830.0 -14.234 -14.442 -14.301 -14.404 
243330.0 -14.234 -14.442 -14.302 -14.402 
246890.0 -14.235 -14.442 -14.301 -14.401 
250500.0 -14.235 -14.443 -14.301 -14.399 
254160.0 -14.235 -14.443 -14.302 -14.398 
257870.0 -14.236 -14.442 -14.302 -14.399 
261640.0 -14.236 -14.443 -14.302 -14.397 
265470.0 -14.237 -14.443 -14.303 -14.398 
269350.0 -14.237 -14.442 -14.302 -14.398 
273280.0 -14.238 -14.443 -14.302 -14.397 
277280.0 -14.238 -14.443 -14.302 -14.397 
281330.0 -14.238 -14.444 -14.302 -14.396 
285440.0 -14.239 -14.444 -14.302 -14.394 
289610.0 -14.239 -14.444 -14.303 -14.394 
293840.0 -14.24 -14.445 -14.302 -14.394 
298140.0 -14.24 -14.445 -14.302 -14.394 
302490.0 -14.241 -14.446 -14.303 -14.394 
306920.0 -14.242 -14.446 -14.302 -14.398 
311400.0 -14.243 -14.446 -14.302 -14.399 
315950.0 -14.243 -14.446 -14.303 -14.4 
320570.0 -14.244 -14.446 -14.302 -14.401 
325250.0 -14.244 -14.447 -14.302 -14.4 
330010.0 -14.245 -14.447 -14.303 -14.402 
334830.0 -14.245 -14.448 -14.304 -14.405 
339720.0 -14.246 -14.448 -14.303 -14.406 
344690.0 -14.246 -14.449 -14.303 -14.408 
349730.0 -14.247 -14.449 -14.304 -14.409 
354840.0 -14.247 -14.45 -14.304 -14.41 
360020.0 -14.248 -14.45 -14.303 -14.412 
365280.0 -14.248 -14.451 -14.304 -14.412 
370620.0 -14.249 -14.45 -14.304 -14.413 
376040.0 -14.25 -14.451 -14.304 -14.413 
381530.0 -14.25 -14.451 -14.304 -14.414 
387110.0 -14.251 -14.452 -14.305 -14.415 
392770.0 -14.251 -14.452 -14.304 -14.415 
398510.0 -14.252 -14.452 -14.307 -14.415 
404330.0 -14.252 -14.452 -14.308 -14.417 
410240.0 -14.252 -14.453 -14.311 -14.416 
416230.0 -14.253 -14.453 -14.312 -14.417 
422320.0 -14.254 -14.454 -14.314 -14.418 
428490.0 -14.254 -14.455 -14.316 -14.418 
434750.0 -14.255 -14.455 -14.317 -14.418 
441100.0 -14.257 -14.456 -14.318 -14.418 
447550.0 -14.257 -14.456 -14.319 -14.418 
454090.0 -14.258 -14.457 -14.318 -14.42 
460730.0 -14.259 -14.458 -14.32 -14.419 
467460.0 -14.26 -14.458 -14.321 -14.42 
474290.0 -14.26 -14.459 -14.322 -14.42 
481220.0 -14.262 -14.459 -14.323 -14.42 
488260.0 -14.262 -14.459 -14.323 -14.419 
495390.0 -14.263 -14.46 -14.324 -14.42 
502630.0 -14.264 -14.461 -14.325 -14.413 
509980.0 -14.266 -14.462 -14.326 -14.402 
517430.0 -14.267 -14.462 -14.327 -14.395 
524990.0 -14.267 -14.463 -14.328 -14.393 
532660.0 -14.268 -14.464 -14.329 -14.394 
540450.0 -14.269 -14.465 -14.329 -14.393 
548350.0 -14.27 -14.464 -14.33 -14.391 
556360.0 -14.271 -14.464 -14.331 -14.391 
564490.0 -14.272 -14.465 -14.331 -14.39 
572740.0 -14.273 -14.466 -14.332 -14.389 
581110.0 -14.274 -14.466 -14.333 -14.39 
589600.0 -14.275 -14.467 -14.333 -14.391 
598220.0 -14.276 -14.468 -14.335 -14.391 
606960.0 -14.277 -14.469 -14.336 -14.391 
615830.0 -14.278 -14.47 -14.332 -14.392 
624830.0 -14.279 -14.47 -14.333 -14.391 
633960.0 -14.28 -14.471 -14.332 -14.392 
643230.0 -14.281 -14.472 -14.332 -14.392 
652630.0 -14.282 -14.472 -14.332 -14.392 
662170.0 -14.283 -14.473 -14.333 -14.394 
671840.0 -14.284 -14.474 -14.332 -14.394 
681660.0 -14.285 -14.475 -14.332 -14.395 
691620.0 -14.286 -14.476 -14.332 -14.395 
701730.0 -14.287 -14.477 -14.332 -14.395 
711990.0 -14.289 -14.478 -14.332 -14.395 
722390.0 -14.29 -14.479 -14.333 -14.396 
732950.0 -14.291 -14.48 -14.334 -14.397 
743660.0 -14.292 -14.48 -14.333 -14.398 
754530.0 -14.293 -14.481 -14.333 -14.398 
765560.0 -14.295 -14.481 -14.334 -14.399 
776740.0 -14.296 -14.482 -14.335 -14.398 
788100.0 -14.297 -14.483 -14.335 -14.4 
799610.0 -14.299 -14.485 -14.336 -14.4 
811300.0 -14.3 -14.485 -14.337 -14.399 
823150.0 -14.301 -14.485 -14.337 -14.399 
835180.0 -14.303 -14.487 -14.338 -14.397 
847390.0 -14.304 -14.488 -14.343 -14.397 
859770.0 -14.305 -14.489 -14.346 -14.398 
872340.0 -14.307 -14.489 -14.349 -14.399 
885090.0 -14.308 -14.49 -14.351 -14.4 
898020.0 -14.31 -14.493 -14.353 -14.399 
911150.0 -14.311 -14.493 -14.355 -14.402 
924460.0 -14.314 -14.493 -14.347 -14.405 
937970.0 -14.316 -14.494 -14.345 -14.402 
951680.0 -14.317 -14.496 -14.343 -14.401 
965590.0 -14.319 -14.497 -14.343 -14.398 
979700.0 -14.32 -14.498 -14.343 -14.396 
994020.0 -14.322 -14.5 -14.343 -14.392 
1008500.0 -14.324 -14.501 -14.342 -14.39 
1023300.0 -14.325 -14.503 -14.341 -14.388 
1038200.0 -14.327 -14.503 -14.345 -14.386 
1053400.0 -14.329 -14.504 -14.353 -14.389 
1068800.0 -14.331 -14.505 -14.35 -14.39 
1084400.0 -14.334 -14.506 -14.352 -14.389 
1100300.0 -14.336 -14.507 -14.355 -14.388 
1116400.0 -14.338 -14.508 -14.354 -14.388 
1132700.0 -14.34 -14.51 -14.354 -14.385 
1149200.0 -14.342 -14.512 -14.36 -14.385 
1166000.0 -14.343 -14.514 -14.363 -14.387 
1183100.0 -14.345 -14.515 -14.366 -14.39 
1200300.0 -14.348 -14.516 -14.366 -14.39 
1217900.0 -14.35 -14.517 -14.366 -14.395 
1235700.0 -14.352 -14.519 -14.368 -14.392 
1253700.0 -14.354 -14.52 -14.37 -14.397 
1272100.0 -14.357 -14.521 -14.372 -14.4 
1290700.0 -14.359 -14.522 -14.374 -14.402 
1309500.0 -14.361 -14.524 -14.374 -14.404 
1328700.0 -14.364 -14.525 -14.378 -14.407 
1348100.0 -14.367 -14.526 -14.378 -14.405 
1367800.0 -14.369 -14.526 -14.38 -14.409 
1387800.0 -14.372 -14.527 -14.38 -14.411 
1408000.0 -14.374 -14.528 -14.381 -14.417 
1428600.0 -14.377 -14.529 -14.384 -14.422 
1449500.0 -14.38 -14.53 -14.385 -14.428 
1470700.0 -14.383 -14.531 -14.385 -14.434 
1492200.0 -14.385 -14.532 -14.385 -14.445 
1514000.0 -14.388 -14.528 -14.388 -14.45 
1536100.0 -14.391 -14.531 -14.39 -14.453 
1558600.0 -14.394 -14.533 -14.39 -14.458 
1581300.0 -14.397 -14.536 -14.389 -14.46 
1604400.0 -14.4 -14.539 -14.378 -14.465 
1627900.0 -14.403 -14.541 -14.381 -14.468 
1651700.0 -14.406 -14.544 -14.385 -14.47 
1675800.0 -14.41 -14.546 -14.388 -14.474 
1700300.0 -14.413 -14.548 -14.391 -14.481 
1725200.0 -14.417 -14.551 -14.395 -14.484 
1750400.0 -14.42 -14.553 -14.399 -14.489 
1775900.0 -14.423 -14.555 -14.401 -14.495 
1801900.0 -14.427 -14.556 -14.404 -14.5 
1828200.0 -14.43 -14.561 -14.405 -14.503 
1855000.0 -14.434 -14.562 -14.409 -14.505 
1882100.0 -14.437 -14.566 -14.413 -14.508 
1909600.0 -14.441 -14.568 -14.417 -14.513 
1937500.0 -14.446 -14.572 -14.42 -14.517 
1965800.0 -14.449 -14.576 -14.424 -14.524 
1994500.0 -14.453 -14.58 -14.424 -14.527 
2023700.0 -14.458 -14.586 -14.428 -14.536 
2053200.0 -14.462 -14.585 -14.432 -14.537 
2083200.0 -14.466 -14.596 -14.432 -14.542 
2113700.0 -14.47 -14.599 -14.435 -14.554 
2144600.0 -14.475 -14.602 -14.446 -14.557 
2175900.0 -14.479 -14.606 -14.457 -14.563 
2207700.0 -14.485 -14.608 -14.466 -14.571 
2240000.0 -14.487 -14.61 -14.471 -14.576 
2272700.0 -14.49 -14.614 -14.475 -14.585 
2305900.0 -14.494 -14.62 -14.474 -14.594 
2339600.0 -14.498 -14.623 -14.478 -14.6 
2373800.0 -14.502 -14.626 -14.488 -14.609 
2408500.0 -14.506 -14.628 -14.492 -14.619 
2443700.0 -14.509 -14.631 -14.503 -14.627 
2479400.0 -14.51 -14.631 -14.512 -14.637 
2515700.0 -14.504 -14.628 -14.521 -14.648 
2552400.0 -14.497 -14.633 -14.528 -14.666 
2589700.0 -14.504 -14.637 -14.535 -14.657 
2627600.0 -14.511 -14.639 -14.544 -14.644 
2666000.0 -14.517 -14.642 -14.554 -14.632 
2704900.0 -14.524 -14.651 -14.562 -14.624 
2744500.0 -14.53 -14.656 -14.571 -14.616 
2784600.0 -14.536 -14.663 -14.581 -14.606 
2825300.0 -14.54 -14.67 -14.587 -14.601 
2866600.0 -14.545 -14.68 -14.599 -14.595 
2908500.0 -14.578 -14.675 -14.604 -14.588 
2951000.0 -14.6 -14.687 -14.618 -14.582 
2994100.0 -14.598 -14.7 -14.631 -14.578 
3037800.0 -14.598 -14.714 -14.627 -14.575 
3082200.0 -14.812 -14.723 -14.599 -14.574 
3127300.0 -14.728 -14.808 -14.572 -14.568 
3173000.0 -14.702 -14.749 -14.546 -14.56 
3219400.0 -14.702 -14.734 -14.524 -14.547 
3266400.0 -14.706 -14.724 -14.501 -14.535 
3314100.0 -14.685 -14.7 -14.483 -14.52 
3362600.0 -14.649 -14.667 -14.464 -14.503 
3411700.0 -14.612 -14.632 -14.445 -14.483 
3461600.0 -14.578 -14.603 -14.428 -14.463 
3512200.0 -14.544 -14.587 -14.411 -14.434 
3563500.0 -14.514 -14.582 -14.398 -14.4 
3615600.0 -14.497 -14.584 -14.419 -14.37 
3668400.0 -14.5 -14.523 -14.4 -14.324 
3722000.0 -14.528 -14.491 -14.37 -14.288 
3776400.0 -14.587 -14.523 -14.364 -14.26 
3831600.0 -14.654 -14.497 -14.362 -14.236 
3887600.0 -14.728 -14.476 -14.358 -14.218 
3944400.0 -14.818 -14.456 -14.355 -14.2 
4002100.0 -14.905 -14.434 -14.352 -14.184 
4060500.0 -14.939 -14.415 -14.343 -14.172 
4119900.0 -14.98 -14.403 -14.344 -14.162 
4180100.0 -14.96 -14.371 -14.339 -14.154 
4241200.0 -14.891 -14.359 -14.335 -14.144 
4303200.0 -14.823 -14.339 -14.33 -14.139 
4366000.0 -14.758 -14.326 -14.321 -14.137 
4429800.0 -14.695 -14.307 -14.293 -14.135 
4494600.0 -14.632 -14.293 -14.227 -14.132 
4560300.0 -14.571 -14.282 -14.213 -14.134 
4626900.0 -14.507 -14.275 -14.181 -14.136 
4694500.0 -14.442 -14.273 -14.168 -14.141 
4763100.0 -14.376 -14.28 -14.167 -14.144 
4832800.0 -14.312 -14.293 -14.174 -14.152 
4903400.0 -14.248 -14.305 -14.188 -14.163 
4975000.0 -14.185 -14.338 -14.208 -14.174 
5047700.0 -14.129 -14.372 -14.232 -14.183 
5121500.0 -14.073 -14.403 -14.259 -14.277 
5196400.0 -14.023 -14.427 -14.289 -14.305 
5272300.0 -13.975 -14.445 -14.32 -14.331 
5349400.0 -13.922 -14.468 -14.351 -14.363 
5427500.0 -13.876 -14.49 -14.382 -14.4 
5506800.0 -13.84 -14.519 -14.415 -14.443 
5587300.0 -13.8 -14.542 -14.449 -14.493 
5669000.0 -13.769 -14.568 -14.486 -14.553 
5751800.0 -13.725 -14.598 -14.525 -14.622 
5835900.0 -13.7 -14.633 -14.56 -14.7 
5921200.0 -13.671 -14.679 -14.589 -14.792 
6007700.0 -13.642 -14.731 -14.616 -14.899 
6095500.0 -13.616 -14.802 -14.636 -15.02 
6184600.0 -13.589 -14.877 -14.633 -15.151 
6275000.0 -13.562 -14.953 -14.631 -15.291 
6366700.0 -13.535 -15.027 -14.629 -15.447 
6459700.0 -13.51 -15.093 -14.629 -15.594 
6554100.0 -13.482 -15.119 -14.632 -15.586 
6649900.0 -13.457 -15.106 -14.635 -15.547 
6747100.0 -13.433 -15.076 -14.64 -15.462 
6845700.0 -13.408 -15.042 -14.646 -15.275 
6945700.0 -13.383 -15.009 -14.648 -14.923 
7047200.0 -13.361 -14.977 -14.643 -14.624 
7150200.0 -13.339 -14.942 -14.634 -14.564 
7254700.0 -13.317 -14.909 -14.628 -14.506 
7360700.0 -13.296 -14.873 -14.617 -14.456 
7468300.0 -13.274 -14.836 -14.619 -14.407 
7577500.0 -13.253 -14.803 -14.625 -14.356 
7688200.0 -13.23 -14.766 -14.633 -14.307 
7800500.0 -13.211 -14.729 -14.64 -14.269 
7914500.0 -13.192 -14.696 -14.635 -14.218 
8030200.0 -13.172 -14.658 -14.618 -14.186 
8147600.0 -13.152 -14.622 -14.601 -14.146 
8266600.0 -13.131 -14.584 -14.57 -14.106 
8387400.0 -13.114 -14.547 -14.543 -14.073 
8510000.0 -13.094 -14.512 -14.524 -14.04 
8634400.0 -13.074 -14.47 -14.498 -14.003 
8760600.0 -13.055 -14.433 -14.469 -13.972 
8888600.0 -13.036 -14.391 -14.436 -13.94 
9018500.0 -13.016 -14.352 -14.413 -13.916 
9150300.0 -12.998 -14.308 -14.39 -13.879 
9284000.0 -12.978 -14.268 -14.37 -13.856 
9419700.0 -12.961 -14.223 -14.35 -13.838 
9557400.0 -12.939 -14.171 -14.332 -13.828 
9697000.0 -12.917 -14.131 -14.313 -13.815 
9838800.0 -12.897 -14.091 -14.295 -13.806 
9982500.0 -12.878 -14.053 -14.276 -13.796 
10128000.0 -12.862 -14.018 -14.258 -13.775 
10276000.0 -12.851 -13.993 -14.236 -13.751 
10427000.0 -12.843 -13.969 -14.216 -13.73 
10579000.0 -12.837 -13.947 -14.195 -13.709 
10734000.0 -12.838 -13.925 -14.173 -13.686 
10890000.0 -12.839 -13.902 -14.152 -13.666 
11050000.0 -12.842 -13.881 -14.13 -13.644 
11211000.0 -12.846 -13.859 -14.109 -13.626 
11375000.0 -12.85 -13.838 -14.085 -13.607 
11541000.0 -12.854 -13.818 -14.062 -13.589 
11710000.0 -12.86 -13.797 -14.04 -13.571 
11881000.0 -12.867 -13.778 -14.019 -13.553 
12055000.0 -12.873 -13.759 -13.996 -13.533 
12231000.0 -12.88 -13.738 -13.975 -13.511 
12410000.0 -12.886 -13.72 -13.954 -13.497 
12591000.0 -12.891 -13.701 -13.931 -13.482 
12775000.0 -12.897 -13.684 -13.909 -13.466 
12962000.0 -12.901 -13.666 -13.885 -13.45 
13151000.0 -12.906 -13.65 -13.867 -13.435 
13343000.0 -12.911 -13.633 -13.849 -13.417 
13538000.0 -12.915 -13.615 -13.834 -13.402 
13736000.0 -12.92 -13.6 -13.817 -13.388 
13937000.0 -12.922 -13.584 -13.802 -13.377 
14140000.0 -12.922 -13.573 -13.787 -13.362 
14347000.0 -12.922 -13.563 -13.771 -13.356 
14557000.0 -12.918 -13.55 -13.756 -13.344 
14770000.0 -12.911 -13.541 -13.74 -13.334 
14985000.0 -12.903 -13.535 -13.692 -13.323 
15204000.0 -12.892 -13.529 -13.679 -13.315 
15427000.0 -12.879 -13.522 -13.659 -13.303 
15652000.0 -12.866 -13.516 -13.644 -13.292 
15881000.0 -12.854 -13.51 -13.628 -13.285 
16113000.0 -12.842 -13.505 -13.612 -13.274 
16348000.0 -12.83 -13.499 -13.631 -13.26 
16587000.0 -12.819 -13.495 -13.616 -13.247 
16830000.0 -12.808 -13.489 -13.6 -13.238 
17076000.0 -12.798 -13.486 -13.584 -13.222 
17325000.0 -12.787 -13.48 -13.569 -13.207 
17578000.0 -12.778 -13.476 -13.552 -13.19 
17835000.0 -12.769 -13.471 -13.537 -13.184 
18096000.0 -12.759 -13.467 -13.521 -13.168 
18360000.0 -12.751 -13.464 -13.505 -13.152 
18629000.0 -12.743 -13.459 -13.49 -13.136 
18901000.0 -12.735 -13.455 -13.473 -13.123 
19177000.0 -12.726 -13.452 -13.458 -13.108 
19457000.0 -12.72 -13.448 -13.441 -13.091 
19742000.0 -12.713 -13.443 -13.424 -13.078 
20030000.0 -12.706 -13.442 -13.409 -13.065 
20323000.0 -12.698 -13.437 -13.393 -13.052 
20620000.0 -12.69 -13.43 -13.376 -13.038 
20921000.0 -12.679 -13.424 -13.336 -13.024 
21227000.0 -12.67 -13.415 -13.346 -13.011 
21537000.0 -12.662 -13.407 -13.332 -12.996 
21852000.0 -12.653 -13.396 -13.292 -12.977 
22171000.0 -12.648 -13.386 -13.303 -12.94 
22495000.0 -12.639 -13.376 -13.291 -12.905 
22824000.0 -12.632 -13.368 -13.275 -12.864 
23158000.0 -12.625 -13.359 -13.261 -12.826 
23496000.0 -12.618 -13.35 -13.246 -12.795 
23839000.0 -12.611 -13.341 -13.231 -12.781 
24188000.0 -12.604 -13.331 -13.216 -12.769 
24541000.0 -12.601 -13.321 -13.203 -12.761 
24900000.0 -12.594 -13.312 -13.19 -12.752 
25264000.0 -12.589 -13.302 -13.178 -12.74 
25633000.0 -12.581 -13.292 -13.164 -12.73 
26008000.0 -12.576 -13.282 -13.152 -12.72 
26388000.0 -12.57 -13.271 -13.139 -12.713 
26773000.0 -12.565 -13.26 -13.125 -12.705 
27165000.0 -12.561 -13.25 -13.112 -12.693 
27562000.0 -12.557 -13.24 -13.1 -12.681 
27964000.0 -12.552 -13.23 -13.086 -12.668 
28373000.0 -12.548 -13.22 -13.074 -12.663 
28788000.0 -12.545 -13.209 -13.061 -12.652 
29209000.0 -12.541 -13.198 -13.049 -12.643 
29635000.0 -12.535 -13.188 -13.035 -12.63 
30068000.0 -12.531 -13.177 -13.021 -12.62 
30508000.0 -12.526 -13.165 -13.006 -12.611 
30954000.0 -12.522 -13.156 -12.989 -12.601 
31406000.0 -12.52 -13.145 -12.972 -12.592 
31865000.0 -12.517 -13.134 -12.957 -12.58 
32331000.0 -12.514 -13.123 -12.944 -12.571 
32803000.0 -12.512 -13.109 -12.931 -12.562 
33283000.0 -12.51 -13.094 -12.919 -12.552 
33769000.0 -12.504 -13.079 -12.906 -12.543 
34263000.0 -12.499 -13.065 -12.894 -12.532 
34763000.0 -12.493 -13.05 -12.882 -12.523 
35271000.0 -12.486 -13.036 -12.871 -12.515 
35787000.0 -12.479 -13.023 -12.859 -12.506 
36310000.0 -12.468 -13.011 -12.847 -12.496 
36840000.0 -12.46 -12.998 -12.836 -12.487 
37379000.0 -12.451 -12.986 -12.823 -12.477 
37925000.0 -12.443 -12.974 -12.812 -12.469 
38479000.0 -12.435 -12.959 -12.8 -12.461 
39042000.0 -12.427 -12.946 -12.788 -12.453 
39612000.0 -12.417 -12.932 -12.776 -12.443 
40191000.0 -12.411 -12.92 -12.764 -12.436 
40778000.0 -12.4 -12.908 -12.753 -12.428 
41374000.0 -12.394 -12.897 -12.742 -12.422 
41979000.0 -12.382 -12.884 -12.731 -12.415 
42593000.0 -12.376 -12.871 -12.72 -12.407 
43215000.0 -12.367 -12.859 -12.708 -12.399 
43847000.0 -12.357 -12.846 -12.697 -12.392 
44487000.0 -12.347 -12.833 -12.687 -12.385 
45137000.0 -12.336 -12.822 -12.676 -12.379 
45797000.0 -12.326 -12.81 -12.664 -12.373 
46466000.0 -12.316 -12.798 -12.653 -12.368 
47145000.0 -12.31 -12.786 -12.642 -12.364 
47834000.0 -12.296 -12.774 -12.631 -12.386 
48534000.0 -12.286 -12.762 -12.621 -12.408 
49243000.0 -12.276 -12.75 -12.609 -12.427 
49962000.0 -12.265 -12.739 -12.599 -12.449 
50693000.0 -12.259 -12.727 -12.589 -12.47 
51433000.0 -12.25 -12.716 -12.581 -12.497 
52185000.0 -12.242 -12.705 -12.579 -12.492 
52948000.0 -12.234 -12.696 -12.574 -12.49 
53722000.0 -12.227 -12.687 -12.57 -12.488 
54507000.0 -12.221 -12.679 -12.569 -12.485 
55303000.0 -12.212 -12.67 -12.569 -12.483 
56111000.0 -12.205 -12.661 -12.562 -12.478 
56931000.0 -12.198 -12.653 -12.553 -12.476 
57763000.0 -12.19 -12.641 -12.545 -12.472 
58608000.0 -12.183 -12.63 -12.537 -12.468 
59464000.0 -12.176 -12.62 -12.527 -12.464 
60333000.0 -12.169 -12.61 -12.519 -12.461 
61215000.0 -12.162 -12.599 -12.511 -12.457 
62109000.0 -12.154 -12.59 -12.503 -12.454 
63017000.0 -12.148 -12.58 -12.494 -12.451 
63938000.0 -12.141 -12.568 -12.485 -12.447 
64872000.0 -12.135 -12.559 -12.475 -12.443 
65821000.0 -12.127 -12.55 -12.467 -12.44 
66782000.0 -12.117 -12.539 -12.458 -12.43 
67758000.0 -12.109 -12.529 -12.449 -12.408 
68749000.0 -12.102 -12.52 -12.44 -12.39 
69753000.0 -12.094 -12.509 -12.43 -12.371 
70773000.0 -12.086 -12.5 -12.421 -12.35 
71807000.0 -12.078 -12.488 -12.409 -12.328 
72856000.0 -12.077 -12.477 -12.398 -12.302 
73921000.0 -12.075 -12.466 -12.385 -12.283 
75001000.0 -12.074 -12.454 -12.372 -12.272 
76098000.0 -12.073 -12.442 -12.358 -12.264 
77210000.0 -12.074 -12.43 -12.344 -12.253 
78338000.0 -12.076 -12.421 -12.331 -12.243 
79483000.0 -12.078 -12.411 -12.32 -12.234 
80644000.0 -12.084 -12.404 -12.31 -12.224 
81823000.0 -12.084 -12.395 -12.3 -12.215 
83019000.0 -12.092 -12.387 -12.292 -12.206 
84232000.0 -12.102 -12.379 -12.282 -12.197 
85463000.0 -12.102 -12.372 -12.272 -12.188 
86712000.0 -12.11 -12.364 -12.263 -12.179 
87979000.0 -12.121 -12.356 -12.254 -12.17 
89265000.0 -12.136 -12.35 -12.244 -12.161 
90569000.0 -12.143 -12.342 -12.236 -12.152 
91893000.0 -12.156 -12.335 -12.227 -12.144 
93236000.0 -12.17 -12.329 -12.218 -12.135 
94599000.0 -12.185 -12.321 -12.21 -12.127 
95981000.0 -12.203 -12.315 -12.201 -12.119 
97384000.0 -12.223 -12.309 -12.192 -12.109 
98807000.0 -12.244 -12.301 -12.184 -12.103 
100250000.0 -12.264 -12.295 -12.176 -12.094 
101720000.0 -12.29 -12.287 -12.168 -12.086 
103200000.0 -12.311 -12.28 -12.159 -12.079 
104710000.0 -12.314 -12.274 -12.153 -12.071 
106240000.0 -12.316 -12.27 -12.145 -12.064 
107790000.0 -12.319 -12.266 -12.137 -12.055 
109370000.0 -12.321 -12.262 -12.131 -12.048 
110970000.0 -12.324 -12.257 -12.126 -12.039 
112590000.0 -12.326 -12.253 -12.118 -12.032 
114230000.0 -12.327 -12.248 -12.113 -12.024 
115900000.0 -12.328 -12.246 -12.106 -12.018 
117600000.0 -12.331 -12.24 -12.101 -12.007 
119320000.0 -12.331 -12.231 -12.094 -11.997 
121060000.0 -12.333 -12.222 -12.088 -11.984 
122830000.0 -12.332 -12.213 -12.079 -11.973 
124620000.0 -12.332 -12.205 -12.068 -11.963 
126450000.0 -12.331 -12.195 -12.057 -11.95 
128290000.0 -12.321 -12.187 -12.047 -11.941 
130170000.0 -12.313 -12.176 -12.035 -11.927 
132070000.0 -12.305 -12.165 -12.026 -11.915 
134000000.0 -12.297 -12.157 -12.013 -11.902 
135960000.0 -12.288 -12.148 -12.001 -11.891 
137950000.0 -12.279 -12.137 -11.989 -11.877 
139960000.0 -12.269 -12.127 -11.977 -11.866 
142010000.0 -12.263 -12.117 -11.963 -11.852 
144080000.0 -12.254 -12.106 -11.952 -11.839 
146190000.0 -12.242 -12.094 -11.937 -11.825 
148320000.0 -12.236 -12.082 -11.921 -11.812 
150490000.0 -12.226 -12.072 -11.907 -11.797 
152690000.0 -12.218 -12.063 -11.891 -11.784 
154920000.0 -12.206 -12.053 -11.877 -11.773 
157190000.0 -12.199 -12.043 -11.861 -11.761 
159480000.0 -12.19 -12.033 -11.847 -11.751 
161810000.0 -12.183 -12.024 -11.835 -11.74 
164180000.0 -12.172 -12.013 -11.822 -11.73 
166580000.0 -12.163 -12.003 -11.81 -11.721 
169010000.0 -12.153 -11.995 -11.796 -11.713 
171480000.0 -12.144 -11.986 -11.784 -11.703 
173990000.0 -12.132 -11.976 -11.77 -11.694 
176530000.0 -12.124 -11.967 -11.756 -11.685 
179110000.0 -12.112 -11.957 -11.743 -11.677 
181730000.0 -12.101 -11.949 -11.73 -11.667 
184390000.0 -12.09 -11.939 -11.717 -11.658 
187080000.0 -12.078 -11.926 -11.704 -11.649 
189810000.0 -12.068 -11.918 -11.693 -11.638 
192590000.0 -12.054 -11.907 -11.681 -11.631 
195400000.0 -12.044 -11.896 -11.669 -11.619 
198260000.0 -12.03 -11.886 -11.659 -11.61 
201160000.0 -12.018 -11.874 -11.65 -11.599 
204100000.0 -12.005 -11.864 -11.64 -11.589 
207080000.0 -11.991 -11.853 -11.63 -11.581 
210100000.0 -11.98 -11.84 -11.621 -11.571 
213180000.0 -11.966 -11.83 -11.612 -11.561 
216290000.0 -11.954 -11.817 -11.601 -11.551 
219450000.0 -11.959 -11.808 -11.591 -11.543 
222660000.0 -11.964 -11.796 -11.581 -11.533 
225910000.0 -11.969 -11.784 -11.571 -11.523 
229210000.0 -11.976 -11.772 -11.561 -11.513 
232560000.0 -11.982 -11.759 -11.55 -11.503 
235960000.0 -11.99 -11.748 -11.54 -11.494 
239410000.0 -12.0 -11.736 -11.529 -11.484 
242910000.0 -12.009 -11.724 -11.521 -11.474 
246460000.0 -12.018 -11.713 -11.509 -11.466 
250060000.0 -12.029 -11.702 -11.499 -11.455 
253720000.0 -12.041 -11.69 -11.488 -11.445 
257420000.0 -12.055 -11.677 -11.478 -11.437 
261190000.0 -12.069 -11.665 -11.469 -11.426 
265000000.0 -12.083 -11.655 -11.459 -11.417 
268880000.0 -12.099 -11.644 -11.448 -11.406 
272800000.0 -12.116 -11.635 -11.439 -11.397 
276790000.0 -12.135 -11.627 -11.428 -11.389 
280840000.0 -12.154 -11.618 -11.418 -11.379 
284940000.0 -12.174 -11.612 -11.408 -11.37 
289110000.0 -12.2 -11.605 -11.4 -11.36 
293330000.0 -12.224 -11.597 -11.39 -11.353 
297620000.0 -12.249 -11.59 -11.381 -11.343 
301970000.0 -12.273 -11.583 -11.371 -11.335 
306380000.0 -12.277 -11.576 -11.362 -11.327 
310860000.0 -12.263 -11.569 -11.353 -11.319 
315400000.0 -12.25 -11.563 -11.345 -11.311 
320010000.0 -12.236 -11.557 -11.335 -11.302 
324690000.0 -12.225 -11.548 -11.327 -11.294 
329430000.0 -12.212 -11.543 -11.317 -11.285 
334250000.0 -12.201 -11.537 -11.308 -11.277 
339130000.0 -12.189 -11.531 -11.299 -11.268 
344090000.0 -12.177 -11.525 -11.291 -11.261 
349110000.0 -12.167 -11.519 -11.282 -11.252 
354220000.0 -12.155 -11.514 -11.273 -11.243 
359390000.0 -12.144 -11.509 -11.264 -11.235 
364650000.0 -12.134 -11.505 -11.256 -11.228 
369970000.0 -12.124 -11.5 -11.247 -11.219 
375380000.0 -12.114 -11.496 -11.238 -11.212 
380870000.0 -12.107 -11.491 -11.232 -11.203 
386430000.0 -12.097 -11.488 -11.223 -11.195 
392080000.0 -12.087 -11.483 -11.215 -11.186 
397810000.0 -12.08 -11.48 -11.208 -11.179 
403620000.0 -12.071 -11.476 -11.2 -11.171 
409520000.0 -12.064 -11.473 -11.191 -11.163 
415510000.0 -12.057 -11.477 -11.185 -11.155 
421580000.0 -12.05 -11.476 -11.179 -11.145 
427740000.0 -12.043 -11.475 -11.172 -11.139 
433990000.0 -12.037 -11.475 -11.166 -11.13 
440330000.0 -12.03 -11.475 -11.159 -11.122 
446770000.0 -12.026 -11.475 -11.154 -11.114 
453300000.0 -12.016 -11.473 -11.146 -11.106 
459920000.0 -12.012 -11.473 -11.139 -11.1 
466640000.0 -12.001 -11.474 -11.131 -11.091 
473460000.0 -11.979 -11.473 -11.125 -11.086 
480380000.0 -11.955 -11.473 -11.121 -11.079 
487400000.0 -11.932 -11.475 -11.113 -11.072 
494530000.0 -11.907 -11.476 -11.107 -11.066 
501750000.0 -11.885 -11.472 -11.1 -11.057 
509090000.0 -11.859 -11.47 -11.092 -11.049 
516530000.0 -11.833 -11.467 -11.084 -11.043 
524080000.0 -11.808 -11.467 -11.075 -11.036 
531730000.0 -11.778 -11.466 -11.066 -11.028 
539510000.0 -11.755 -11.466 -11.06 -11.02 
547390000.0 -11.725 -11.466 -11.05 -11.014 
555390000.0 -11.701 -11.465 -11.043 -11.007 
563510000.0 -11.673 -11.464 -11.034 -10.999 
571740000.0 -11.647 -11.463 -11.028 -10.99 
580100000.0 -11.617 -11.463 -11.019 -10.984 
588570000.0 -11.592 -11.462 -11.009 -10.975 
597180000.0 -11.565 -11.461 -11.003 -10.967 
605900000.0 -11.539 -11.46 -10.994 -10.958 
614760000.0 -11.51 -11.458 -10.985 -10.949 
623740000.0 -11.484 -11.458 -10.978 -10.942 
632860000.0 -11.458 -11.456 -10.969 -10.935 
642110000.0 -11.422 -11.456 -10.961 -10.925 
651490000.0 -11.401 -11.454 -10.953 -10.917 
661010000.0 -11.386 -11.451 -10.945 -10.907 
670670000.0 -11.37 -11.45 -10.939 -10.899 
680470000.0 -11.353 -11.45 -10.93 -10.891 
690420000.0 -11.339 -11.457 -10.922 -10.882 
700510000.0 -11.325 -11.454 -10.917 -10.874 
710740000.0 -11.311 -11.445 -10.908 -10.865 
721130000.0 -11.298 -11.434 -10.9 -10.856 
731670000.0 -11.281 -11.426 -10.893 -10.846 
742360000.0 -11.267 -11.416 -10.884 -10.838 
753210000.0 -11.255 -11.405 -10.875 -10.828 
764220000.0 -11.241 -11.394 -10.867 -10.822 
775390000.0 -11.228 -11.385 -10.86 -10.812 
786720000.0 -11.214 -11.373 -10.851 -10.803 
798220000.0 -11.199 -11.363 -10.844 -10.793 
809880000.0 -11.186 -11.347 -10.837 -10.785 
821720000.0 -11.174 -11.338 -10.83 -10.775 
833730000.0 -11.17 -11.325 -10.82 -10.766 
845910000.0 -11.161 -11.313 -10.811 -10.759 
858270000.0 -11.151 -11.3 -10.803 -10.75 
870820000.0 -11.14 -11.285 -10.793 -10.74 
883540000.0 -11.133 -11.272 -10.783 -10.731 
896450000.0 -11.124 -11.256 -10.773 -10.721 
909550000.0 -11.117 -11.241 -10.764 -10.711 
922850000.0 -11.112 -11.225 -10.755 -10.701 
936330000.0 -11.107 -11.207 -10.746 -10.692 
950020000.0 -11.103 -11.19 -10.735 -10.682 
963900000.0 -11.09 -11.167 -10.724 -10.673 
977990000.0 -11.084 -11.142 -10.714 -10.661 
992280000.0 -11.078 -11.124 -10.705 -10.652 
1006800000.0 -11.07 -11.107 -10.694 -10.642 
1021500000.0 -11.067 -11.09 -10.683 -10.632 
1036400000.0 -11.06 -11.073 -10.673 -10.621 
1051600000.0 -11.057 -11.056 -10.662 -10.612 
1066900000.0 -11.054 -11.04 -10.651 -10.601 
1082500000.0 -11.048 -11.025 -10.64 -10.592 
1098400000.0 -11.047 -11.016 -10.629 -10.581 
1114400000.0 -11.051 -11.008 -10.618 -10.572 
1130700000.0 -11.084 -11.004 -10.606 -10.56 
1147200000.0 -11.088 -11.0 -10.603 -10.55 
1164000000.0 -11.095 -11.0 -10.601 -10.54 
1181000000.0 -11.103 -11.002 -10.6 -10.535 
1198200000.0 -11.116 -11.004 -10.602 -10.533 
1215800000.0 -11.128 -11.017 -10.603 -10.533 
1233500000.0 -11.143 -11.025 -10.61 -10.531 
1251600000.0 -11.157 -11.055 -10.614 -10.533 
1269800000.0 -11.174 -11.077 -10.622 -10.535 
1288400000.0 -11.164 -11.101 -10.64 -10.539 
1307200000.0 -11.176 -11.119 -10.647 -10.543 
1326300000.0 -11.188 -11.13 -10.662 -10.551 
1345700000.0 -11.186 -11.142 -10.676 -10.56 
1365400000.0 -11.183 -11.152 -10.682 -10.567 
1385300000.0 -11.179 -11.165 -10.686 -10.581 
1405600000.0 -11.167 -11.212 -10.692 -10.583 
1426100000.0 -11.156 -11.35 -10.699 -10.584 
1447000000.0 -11.098 -11.614 -10.707 -10.588 
1468100000.0 -11.028 -11.08 -10.754 -10.589 
1489600000.0 -11.003 -11.018 -10.81 -10.592 
1511300000.0 -10.981 -10.967 -10.848 -10.644 
1533400000.0 -10.963 -10.912 -10.927 -10.646 
1555800000.0 -10.94 -10.882 -10.586 -10.65 
1578600000.0 -10.922 -10.855 -10.538 -10.653 
1601600000.0 -10.907 -10.835 -10.51 -10.654 
1625000000.0 -10.897 -10.815 -10.486 -10.48 
1648800000.0 -10.88 -10.801 -10.466 -10.444 
1672900000.0 -10.865 -10.849 -10.446 -10.417 
1697300000.0 -10.855 -10.825 -10.431 -10.39 
1722100000.0 -10.843 -10.801 -10.418 -10.368 
1747300000.0 -10.871 -10.781 -10.412 -10.346 
1772800000.0 -10.862 -10.76 -10.418 -10.327 
1798800000.0 -10.859 -10.74 -10.404 -10.309 
1825000000.0 -10.851 -10.722 -10.391 -10.308 
1851700000.0 -10.845 -10.701 -10.376 -10.292 
1878800000.0 -10.836 -10.684 -10.367 -10.278 
1906200000.0 -10.833 -10.666 -10.353 -10.262 
1934100000.0 -10.835 -10.65 -10.339 -10.25 
1962400000.0 -10.823 -10.634 -10.326 -10.235 
1991000000.0 -10.816 -10.621 -10.315 -10.221 
2020100000.0 -10.799 -10.609 -10.307 -10.206 
2049700000.0 -10.788 -10.596 -10.289 -10.193 
2079600000.0 -10.777 -10.582 -10.277 -10.18 
2110000000.0 -10.757 -10.569 -10.266 -10.168 
2140800000.0 -10.737 -10.556 -10.255 -10.159 
2172100000.0 -10.732 -10.542 -10.245 -10.146 
2203900000.0 -10.714 -10.528 -10.235 -10.135 
2236100000.0 -10.706 -10.514 -10.224 -10.124 
2268800000.0 -10.691 -10.508 -10.216 -10.112 
2301900000.0 -10.68 -10.497 -10.199 -10.098 
2335500000.0 -10.666 -10.485 -10.189 -10.084 
2369700000.0 -10.655 -10.476 -10.177 -10.073 
2404300000.0 -10.643 -10.47 -10.166 -10.06 
2439400000.0 -10.627 -10.454 -10.157 -10.048 
2475100000.0 -10.615 -10.44 -10.146 -10.035 
2511300000.0 -10.604 -10.427 -10.134 -10.022 
2548000000.0 -10.586 -10.418 -10.122 -9.776 
2585200000.0 -10.57 -10.407 -10.11 -9.997 
2623000000.0 -10.555 -10.394 -10.099 -9.982 
2661300000.0 -10.543 -10.387 -10.085 -9.969 
2700200000.0 -10.531 -10.378 -10.072 -9.957 
2739700000.0 -10.522 -10.371 -10.06 -9.942 
2779700000.0 -10.51 -10.363 -10.049 -9.929 
2820300000.0 -10.5 -10.342 -10.041 -9.916 
2861600000.0 -10.483 -10.331 -10.03 -9.902 
2903400000.0 -10.471 -10.314 -10.017 -9.889 
2945800000.0 -10.461 -10.295 -10.008 -9.88 
2988900000.0 -10.454 -10.286 -9.998 -9.868 
3032500000.0 -10.439 -10.276 -9.987 -9.859 
3076900000.0 -10.43 -10.264 -9.976 -9.848 
3121800000.0 -10.418 -10.256 -9.963 -9.835 
3167400000.0 -10.407 -10.243 -9.952 -9.825 
3213700000.0 -10.4 -10.232 -9.942 -9.814 
3260700000.0 -10.392 -10.219 -9.932 -9.806 
3308300000.0 -10.382 -10.211 -9.924 -9.795 
3356700000.0 -10.377 -10.198 -9.913 -9.789 
3405800000.0 -10.372 -10.19 -9.904 -9.778 
3455500000.0 -10.365 -10.176 -9.896 -9.769 
3506000000.0 -10.353 -10.164 -9.887 -9.762 
3557300000.0 -10.333 -10.155 -9.873 -9.757 
3609200000.0 -10.323 -10.155 -9.861 -9.75 
3662000000.0 -10.31 -10.154 -9.844 -9.745 
3715500000.0 -10.297 -10.145 -9.833 -9.732 
3769800000.0 -10.284 -10.145 -9.825 -9.722 
3824900000.0 -10.271 -10.137 -9.81 -9.711 
3880800000.0 -10.254 -10.128 -9.802 -9.699 
3937500000.0 -10.244 -10.116 -9.789 -9.691 
3995100000.0 -10.232 -10.106 -9.781 -9.679 
4053400000.0 -10.216 -10.094 -9.768 -9.669 
4112700000.0 -10.204 -10.084 -9.75 -9.66 
4172800000.0 -10.193 -10.077 -9.739 -9.648 
4233800000.0 -10.183 -10.064 -9.729 -9.639 
4295600000.0 -10.165 -10.058 -9.72 -9.627 
4358400000.0 -10.154 -10.049 -9.708 -9.618 
4422100000.0 -10.142 -10.034 -9.702 -9.603 
4486700000.0 -10.129 -10.028 -9.69 -9.591 
4552300000.0 -10.112 -10.018 -9.688 -9.583 
4618800000.0 -10.1 -10.006 -9.682 -9.573 
4686300000.0 -10.096 -9.99 -9.675 -9.561 
4754800000.0 -10.08 -9.967 -9.669 -9.542 
4824300000.0 -10.072 -9.95 -9.658 -9.533 
4894800000.0 -10.055 -9.935 -9.643 -9.515 
4966300000.0 -10.047 -9.924 -9.633 -9.5 
5038900000.0 -10.039 -9.913 -9.622 -9.488 
5112600000.0 -10.026 -9.895 -9.612 -9.477 
5187300000.0 -10.015 -9.881 -9.599 -9.465 
5263100000.0 -10.006 -9.871 -9.589 -9.45 
5340000000.0 -9.989 -9.856 -9.575 -9.435 
5418000000.0 -9.98 -9.841 -9.562 -9.424 
5497200000.0 -9.967 -9.829 -9.551 -9.409 
5577600000.0 -9.959 -9.819 -9.54 -9.395 
5659100000.0 -9.953 -9.801 -9.524 -9.384 
5741800000.0 -9.941 -9.785 -9.516 -9.367 
5825700000.0 -9.924 -9.766 -9.502 -9.352 
5910800000.0 -9.923 -9.759 -9.484 -9.34 
5997200000.0 -9.912 -9.746 -9.46 -9.327 
6084900000.0 -9.897 -9.726 -9.425 -9.314 
6173800000.0 -9.885 -9.716 -9.399 -9.297 
6264000000.0 -9.879 -9.706 -9.388 -9.288 
6355500000.0 -9.871 -9.693 -9.374 -9.274 
6448400000.0 -9.857 -9.671 -9.355 -9.27 
6542700000.0 -9.85 -9.656 -9.344 -9.259 
6638300000.0 -9.849 -9.641 -9.332 -9.252 
6735300000.0 -9.826 -9.626 -9.314 -9.237 
6833700000.0 -9.821 -9.613 -9.298 -9.226 
6933600000.0 -9.811 -9.599 -9.283 -9.215 
7034900000.0 -9.8 -9.587 -9.272 -9.202 
7137700000.0 -9.792 -9.574 -9.255 -9.193 
7242000000.0 -9.782 -9.56 -9.247 -9.181 
7347900000.0 -9.768 -9.543 -9.232 -9.163 
7455300000.0 -9.761 -9.535 -9.22 -9.156 
7564200000.0 -9.75 -9.513 -9.208 -9.139 
7674800000.0 -9.739 -9.501 -9.195 -9.128 
7786900000.0 -9.73 -9.489 -9.185 -9.116 
7900700000.0 -9.733 -9.482 -9.174 -9.103 
8016200000.0 -9.709 -9.472 -9.158 -9.09 
8133300000.0 -9.704 -9.457 -9.147 -9.082 
8252200000.0 -9.703 -9.444 -9.131 -9.066 
8372800000.0 -9.679 -9.428 -9.132 -9.055 
8495200000.0 -9.669 -9.411 -9.139 -9.04 
8619300000.0 -9.659 -9.398 -9.148 -9.035 
8745300000.0 -9.664 -9.403 -9.136 -9.025 
8873100000.0 -9.626 -9.381 -9.127 -9.013 
9002800000.0 -9.63 -9.375 -9.117 -9.003 
9134300000.0 -9.632 -9.36 -9.114 -8.995 
9267800000.0 -9.599 -9.349 -9.104 -8.981 
9403300000.0 -9.604 -9.365 -9.093 -8.973 
9540700000.0 -9.554 -9.348 -9.073 -8.961 
9680100000.0 -9.543 -9.353 -9.065 -8.951 
9821600000.0 -9.558 -9.334 -9.068 -8.94 
9965100000.0 -9.55 -9.328 -9.048 -8.923 
10111000000.0 -9.528 -9.307 -9.045 -8.913 
10258000000.0 -9.518 -9.315 -9.032 -8.907 
10408000000.0 -9.495 -9.293 -9.02 -8.891 
10561000000.0 -9.478 -9.305 -9.012 -8.885 
10715000000.0 -9.473 -9.288 -8.999 -8.874 
10871000000.0 -9.456 -9.281 -8.993 -8.864 
11030000000.0 -9.452 -9.264 -8.982 -8.849 
11192000000.0 -9.432 -9.258 -8.976 -8.838 
11355000000.0 -9.412 -9.253 -8.966 -8.83 
11521000000.0 -9.401 -9.246 -8.953 -8.823 
11689000000.0 -9.36 -9.237 -8.946 -8.812 
11860000000.0 -9.378 -9.219 -8.942 -8.8 
12034000000.0 -9.326 -9.19 -8.926 -8.793 
12209000000.0 -9.35 -9.204 -8.91 -8.781 
12388000000.0 -9.338 -9.204 -8.894 -8.767 
12569000000.0 -9.337 -9.191 -8.891 -8.761 
12753000000.0 -9.328 -9.181 -8.885 -8.74 
12939000000.0 -9.253 -9.139 -8.871 -8.727 
13128000000.0 -9.284 -9.129 -8.865 -8.718 
13320000000.0 -9.288 -9.149 -8.867 -8.705 
13515000000.0 -9.276 -9.14 -8.85 -8.693 
13712000000.0 -9.25 -9.118 -8.837 -8.688 
13912000000.0 -9.247 -9.115 -8.829 -8.667 
14116000000.0 -9.237 -9.092 -8.819 -8.668 
14322000000.0 -9.225 -9.1 -8.811 -8.649 
14531000000.0 -9.213 -9.084 -8.79 -8.637 
14744000000.0 -9.199 -9.061 -8.789 -8.621 
14959000000.0 -9.125 -9.027 -8.778 -8.611 
15178000000.0 -9.188 -9.047 -8.773 -8.603 
15400000000.0 -9.17 -9.031 -8.761 -8.59 
15625000000.0 -9.108 -9.013 -8.746 -8.581 
15853000000.0 -9.142 -9.007 -8.735 -8.572 
16085000000.0 -9.156 -8.987 -8.736 -8.557 
16320000000.0 -9.128 -8.976 -8.722 -8.545 
16558000000.0 -9.132 -8.963 -8.712 -8.532 
16800000000.0 -9.125 -8.948 -8.702 -8.535 
17046000000.0 -9.114 -8.906 -8.689 -8.514 
17295000000.0 -9.112 -8.919 -8.683 -8.502 
17548000000.0 -9.094 -8.906 -8.657 -8.492 
17804000000.0 -9.084 -8.899 -8.665 -8.481 
18064000000.0 -9.085 -8.877 -8.658 -8.472 
18328000000.0 -8.986 -8.876 -8.647 -8.468 
18596000000.0 -9.076 -8.862 -8.638 -8.45 
18868000000.0 -9.045 -8.862 -8.625 -8.444 
19144000000.0 -9.042 -8.823 -8.61 -8.435 
19423000000.0 -9.028 -8.831 -8.604 -8.455 
19707000000.0 -9.034 -8.831 -8.585 -8.444 
19995000000.0 -9.03 -8.793 -8.583 -8.425 
